0.000000000000000000e+00
2.037763625417963266e+08
4.075811759260560274e+08
6.113945783672081232e+08
8.152108050868189335e+08
1.019028594361326218e+09
1.222847364860951900e+09
1.426666807745585203e+09
1.630486742331576347e+09
1.834307054626548767e+09
2.038127664477833033e+09
2.241948514735728741e+09
2.445769567193286896e+09
2.649590787359634399e+09
2.853412153832242966e+09
3.057233645712983131e+09
3.261055248799025059e+09
3.464876949624701023e+09
3.668698736436043262e+09
3.872520603286900997e+09
4.076342542370210648e+09
4.280164543683860302e+09
4.483986607671433449e+09
4.687808725644711494e+09
4.891630893750652313e+09
5.095453110243604660e+09
5.299275369742835045e+09
5.503097671974715233e+09
5.706920011933821678e+09
5.910742388423560143e+09
6.114564801037547112e+09
6.318387243769664764e+09
6.522209721162114143e+09
6.726032224715046883e+09
6.929854758158274651e+09
7.133677319771265984e+09
7.337499904282442093e+09
7.541322516638594627e+09
7.745145152451643944e+09
7.948967808790208817e+09
8.152790490149810791e+09
8.356613192931517601e+09
8.560435913915575027e+09
8.764258656878398895e+09
8.968081420742290497e+09
9.171904200959562302e+09
9.375726999444160461e+09
9.579549818204164505e+09
9.783372653958547592e+09
9.987195504436800003e+09
1.019101837258887291e+10
1.039484125885687065e+10
1.059866416000273895e+10
1.080248707491497421e+10
1.100631000567344856e+10
1.121013295312785530e+10
1.141395591495362663e+10
1.161777888930224609e+10
1.182160187740895081e+10
1.202542488094384384e+10
1.222924789894021416e+10
1.243307092908745003e+10
1.263689397100336266e+10
1.284071702642539406e+10
1.304454009619730377e+10
1.324836317872145462e+10
1.345218627220516014e+10
1.365600937710152626e+10
1.385983249502593231e+10
1.406365562610158920e+10
1.426747876874860191e+10
1.447130192186118126e+10
1.467512508603253555e+10
1.487894826236112595e+10
1.508277145080086327e+10
1.528659465021842766e+10
1.549041785979776764e+10
1.569424107985428429e+10
1.589806431118307877e+10
1.610188755394326210e+10
1.630571080742434502e+10
1.650953407082201958e+10
1.671335734403286552e+10
1.691718062762056541e+10
1.712100392209486008e+10
1.732482722729947662e+10
1.752865054249971771e+10
1.773247386704705811e+10
1.793629720094395447e+10
1.814012054474319077e+10
1.834394389890546036e+10
1.854776726328675461e+10
1.875159063724843597e+10
1.895541402018653107e+10
1.915923741199033356e+10
1.936306081304429626e+10
1.956688422359466934e+10
1.977070764379389572e+10
1.997453107384529114e+10
2.017835451392850494e+10
2.038217796390889359e+10
2.058600142345447540e+10
2.078982489235075760e+10
2.099364837016364288e+10
2.119747185648288727e+10
2.140129535110483932e+10
2.160511885394039917e+10
2.180894236518354797e+10
2.201276588497524643e+10
2.221658941304106522e+10
2.242041294916297913e+10
2.262423649349396133e+10
2.282806004652351379e+10
2.303188360893452072e+10
2.323570718128488922e+10
2.343953076402173233e+10
2.364335435737668610e+10
2.384717796101086807e+10
2.405100157392064285e+10
2.425482519476428604e+10
2.445864882230730438e+10
2.466247245583329773e+10
2.486629609558711624e+10
2.507011974241172791e+10
2.527394339779650879e+10
2.547776706314687347e+10
2.568159073847168732e+10
2.588541442285031891e+10
2.608923811530080795e+10
2.629306181502415466e+10
2.649688552161248016e+10
2.670070923503640366e+10
2.690453295533358765e+10
2.710835668276031113e+10
2.731218041813547897e+10
2.751600416251340485e+10
2.771982791620182037e+10
2.792365167883975601e+10
2.812747544983264923e+10
2.833129922855063629e+10
2.853512301455153275e+10
2.873894680776969528e+10
2.894277060851383972e+10
2.914659441743295288e+10
2.935041823522825241e+10
2.955424206235414886e+10
2.975806589897466278e+10
2.996188974493917465e+10
3.016571359967046356e+10
3.036953746234015274e+10
3.057336133235485458e+10
3.077718520949771118e+10
3.098100909385349274e+10
3.118483298558662033e+10
3.138865688492280960e+10
3.159248079235254288e+10
3.179630470822792053e+10
3.200012863216510391e+10
3.220395256320934677e+10
3.240777650041833115e+10
3.261160044303149033e+10
3.281542439038091660e+10
3.301924834172970963e+10
3.322307229664159012e+10
3.342689625498152161e+10
3.363072021736517334e+10
3.383454418437903595e+10
3.403836815626242447e+10
3.424219213352693176e+10
3.444601611694177246e+10
3.464984010749011230e+10
3.485366410604169464e+10
3.505748811320195770e+10
3.526131212910552979e+10
3.546513615343837738e+10
3.566896018583422852e+10
3.587278422625343323e+10
3.607660827478768158e+10
3.628043233151561737e+10
3.648425639660107422e+10
3.668808047025202942e+10
3.689190455275551605e+10
3.709572864455470276e+10
3.729955274617004395e+10
3.750337685785031891e+10
3.770720097938085175e+10
3.791102511006356812e+10
3.811484924898394012e+10
3.831867339538278961e+10
3.852249754879032135e+10
3.872632170906362152e+10
3.893014587629454803e+10
3.913397005066152191e+10
3.933779423237390900e+10
3.954161842162882996e+10
3.974544261857868958e+10
3.994926682331021118e+10
4.015309103582736206e+10
4.035691525601006317e+10
4.056073948360835266e+10
4.076456371831527710e+10
4.096838795985268402e+10
4.117221220802954102e+10
4.137603646274608612e+10
4.157986072394477844e+10
4.178368499155500793e+10
4.198750926550524902e+10
4.219133354579311371e+10
4.239515783255029297e+10
4.259898212603484344e+10
4.280280642655174255e+10
4.300663073435905457e+10
4.321045504960599518e+10
4.341427937232233429e+10
4.361810370244500732e+10
4.382192803985906219e+10
4.402575238442848206e+10
4.422957673599988556e+10
4.443340109439466858e+10
4.463722545943343353e+10
4.484104983094368744e+10
4.504487420878881836e+10
4.524869859297097778e+10
4.545252298360195160e+10
4.565634738082230377e+10
4.586017178480492401e+10
4.606399619579228973e+10
4.626782061402255249e+10
4.647164503957791138e+10
4.667546947247591400e+10
4.687929391280803680e+10
4.708311836061586761e+10
4.728694281578270721e+10
4.749076727813468170e+10
4.769459174750026703e+10
4.789841622363127899e+10
4.810224070625231171e+10
4.830606519521195221e+10
4.850988969048221588e+10
4.871371419207079315e+10
4.891753870003366089e+10
4.912136321452183533e+10
4.932518773574487305e+10
4.952901226390484619e+10
4.973283679917897797e+10
4.993666134172438812e+10
5.014048589164891815e+10
5.034431044896301270e+10
5.054813501356948090e+10
5.075195958530863190e+10
5.095578416401804352e+10
5.115960874955713654e+10
5.136343334180447388e+10
5.156725794067175293e+10
5.177108254610711670e+10
5.197490715806777954e+10
5.217873177651786804e+10
5.238255640145857239e+10
5.258638103293089294e+10
5.279020567099534607e+10
5.299403031572881317e+10
5.319785496723105621e+10
5.340167962561227417e+10
5.360550429097202301e+10
5.380932896338954163e+10
5.401315364291531372e+10
5.421697832955820465e+10
5.442080302327384949e+10
5.462462772397295380e+10
5.482845243154196930e+10
5.503227714586062622e+10
5.523610186680808258e+10
5.543992659427316284e+10
5.564375132815729523e+10
5.584757606838614655e+10
5.605140081493647003e+10
5.625522556785063171e+10
5.645905032720552826e+10
5.666287509306719971e+10
5.686669986549301910e+10
5.707052464457228088e+10
5.727434943044140625e+10
5.747817422324864960e+10
5.768199902310479736e+10
5.788582383006407166e+10
5.808964864413256836e+10
5.829347346527560425e+10
5.849729829340722656e+10
5.870112312838666534e+10
5.890494797004341888e+10
5.910877281822093201e+10
5.931259767280861664e+10
5.951642253375917816e+10
5.972024740108087158e+10
5.992407227480348206e+10
6.012789715494868469e+10
6.033172204153915405e+10
6.053554693463285065e+10
6.073937183432971954e+10
6.094319674073464966e+10
6.114702165390539551e+10
6.135084657384353638e+10
6.155467150052500916e+10
6.175849643393286896e+10
6.196232137406061554e+10
6.216614632089838409e+10
6.236997127442448425e+10
6.257379623461251831e+10
6.277762120144611359e+10
6.298144617492487335e+10
6.318527115505648804e+10
6.338909614183976746e+10
6.359292113524594879e+10
6.379674613522059631e+10
6.400057114170320892e+10
6.420439615465000153e+10
6.440822117403419495e+10
6.461204619982639313e+10
6.481587123198657227e+10
6.501969627048141479e+10
6.522352131531192780e+10
6.542734636651713562e+10
6.563117142415616608e+10
6.583499648829054260e+10
6.603882155898274994e+10
6.624264663629902649e+10
6.644647172030601501e+10
6.665029681105693817e+10
6.685412190858155823e+10
6.705794701288362122e+10
6.726177212394519043e+10
6.746559724173177338e+10
6.766942236619525909e+10
6.787324749727375793e+10
6.807707263489331055e+10
6.828089777897174835e+10
6.848472292943217468e+10
6.868854808622234344e+10
6.889237324933456421e+10
6.909619841880628967e+10
6.930002359469569397e+10
6.950384877705381775e+10
6.970767396591477966e+10
6.991149916130241394e+10
7.011532436324177551e+10
7.031914957175947571e+10
7.052297478687286377e+10
7.072680000857838440e+10
7.093062523684411621e+10
7.113445047161404419e+10
7.133827571282015991e+10
7.154210096040493774e+10
7.174592621433973694e+10
7.194975147463072205e+10
7.215357674131077576e+10
7.235740201442131042e+10
7.256122729399407959e+10
7.276505258003988647e+10
7.296887787255621338e+10
7.317270317153829956e+10
7.337652847698439026e+10
7.358035378889526367e+10
7.378417910727388000e+10
7.398800443212614441e+10
7.419182976345916748e+10
7.439565510127748108e+10
7.459948044557594299e+10
7.480330579634057617e+10
7.500713115355322266e+10
7.521095651719911194e+10
7.541478188726879883e+10
7.561860726375555420e+10
7.582243264665287781e+10
7.602625803595111084e+10
7.623008343163941956e+10
7.643390883370910645e+10
7.663773424215606689e+10
7.684155965697929382e+10
7.704538507818016052e+10
7.724921050575610352e+10
7.745303593969769287e+10
7.765686137999029541e+10
7.786068682662269592e+10
7.806451227959550476e+10
7.826833773892012024e+10
7.847216320461509705e+10
7.867598867670092773e+10
7.887981415519456482e+10
7.908363964010765076e+10
7.928746513144233704e+10
7.949129062919371033e+10
7.969511613335350037e+10
7.989894164391754150e+10
8.010276716088702393e+10
8.030659268426727295e+10
8.051041821406321716e+10
8.071424375027447510e+10
8.091806929289610291e+10
8.112189484192100525e+10
8.132572039734523010e+10
8.152954595916880798e+10
8.173337152739544678e+10
8.193719710203010559e+10
8.214102268307571411e+10
8.234484827052934265e+10
8.254867386438113403e+10
8.275249946461251831e+10
8.295632507119869995e+10
8.316015068410989380e+10
8.336397630331613159e+10
8.356780192879100037e+10
8.377162756051379395e+10
8.397545319847071838e+10
8.417927884265586853e+10
8.438310449306785583e+10
8.458693014970942688e+10
8.479075581258673096e+10
8.499458148170898438e+10
8.519840715709159851e+10
8.540223283875546265e+10
8.560605852672560120e+10
8.580988422102706909e+10
8.601370992168212891e+10
8.621753562871009827e+10
8.642136134212736511e+10
8.662518706194888306e+10
8.682901278818551636e+10
8.703283852083880615e+10
8.723666425990031433e+10
8.744049000535050964e+10
8.764431575716299438e+10
8.784814151530914307e+10
8.805196727976197815e+10
8.825579305049862671e+10
8.845961882750193787e+10
8.866344461075927734e+10
8.886727040026258850e+10
8.907109619600712585e+10
8.927492199799052429e+10
8.947874780621218872e+10
8.968257362067350769e+10
8.988639944137802124e+10
9.009022526833264160e+10
9.029405110154760742e+10
9.049787694103553772e+10
9.070170278680946350e+10
9.090552863888078308e+10
9.110935449725781250e+10
9.131318036194445801e+10
9.151700623294075012e+10
9.172083211024331665e+10
9.192465799384684753e+10
9.212848388374426270e+10
9.233230977992742920e+10
9.253613568238575745e+10
9.273996159110461426e+10
9.294378750606588745e+10
9.314761342725163269e+10
9.335143935464903259e+10
9.355526528825120544e+10
9.375909122805456543e+10
9.396291717405303955e+10
9.416674312623475647e+10
9.437056908458381653e+10
9.457439504908634949e+10
9.477822101973823547e+10
9.498204699654640198e+10
9.518587297952836609e+10
9.538969896870602417e+10
9.559352496410006714e+10
9.579735096572587585e+10
9.600117697359173584e+10
9.620500298769979858e+10
9.640882900804811096e+10
9.661265503463449097e+10
9.681648106745776367e+10
9.702030710651773071e+10
9.722413315181657410e+10
9.742795920335682678e+10
9.763178526114245605e+10
9.783561132517837524e+10
9.803943739546913147e+10
9.824326347202021790e+10
9.844708955483581543e+10
9.865091564391905212e+10
9.885474173927131653e+10
9.905856784089260864e+10
9.926239394878114319e+10
9.946622006293435669e+10
9.967004618334892273e+10
9.987387231002087402e+10
1.000776984429443207e+11
1.002815245821111450e+11
1.004853507275097351e+11
1.006891768791284790e+11
1.008930030369549103e+11
1.010968292009794159e+11
1.013006553711932831e+11
1.015044815475888519e+11
1.017083077301586304e+11
1.019121339188925476e+11
1.021159601137772064e+11
1.023197863147982178e+11
1.025236125219423676e+11
1.027274387352002106e+11
1.029312649545681610e+11
1.031350911800466461e+11
1.033389174116376343e+11
1.035427436493450470e+11
1.037465698931722565e+11
1.039503961431220245e+11
1.041542223991947327e+11
1.043580486613876190e+11
1.045618749296939850e+11
1.047657012041053619e+11
1.049695274846150360e+11
1.051733537712200775e+11
1.053771800639245758e+11
1.055810063627396240e+11
1.057848326676795654e+11
1.059886589787605896e+11
1.061924852959984741e+11
1.063963116194068146e+11
1.066001379489970398e+11
1.068039642847796021e+11
1.070077906267628021e+11
1.072116169749533081e+11
1.074154433293566437e+11
1.076192696899763641e+11
1.078230960568152466e+11
1.080269224298758392e+11
1.082307488091613007e+11
1.084345751946747742e+11
1.086384015864192200e+11
1.088422279843962250e+11
1.090460543886061859e+11
1.092498807990459442e+11
1.094537072157097626e+11
1.096575336385888062e+11
1.098613600676712036e+11
1.100651865029424133e+11
1.102690129443864288e+11
1.104728393919857178e+11
1.106766658457219543e+11
1.108804923055748291e+11
1.110843187715256195e+11
1.112881452435583344e+11
1.114919717216609650e+11
1.116957982058238373e+11
1.118996246960379181e+11
1.121034511922943115e+11
1.123072776945847321e+11
1.125111042029022827e+11
1.127149307172432404e+11
1.129187572376065979e+11
1.131225837639929352e+11
1.133264102964048462e+11
1.135302368348448639e+11
1.137340633793163605e+11
1.139378899298220825e+11
1.141417164863638153e+11
1.143455430489427490e+11
1.145493696175618134e+11
1.147531961922265472e+11
1.149570227729468079e+11
1.151608493597355957e+11
1.153646759526073303e+11
1.155685025515761566e+11
1.157723291566537323e+11
1.159761557678499298e+11
1.161799823851708527e+11
1.163838090086208344e+11
1.165876356382030029e+11
1.167914622739205475e+11
1.169952889157773895e+11
1.171991155637806549e+11
1.174029422179382019e+11
1.176067688782594910e+11
1.178105955447534180e+11
1.180144222174274445e+11
1.182182488962857361e+11
1.184220755813284912e+11
1.186259022725523224e+11
1.188297289699488068e+11
1.190335556735068359e+11
1.192373823832115021e+11
1.194412090990469818e+11
1.196450358209959412e+11
1.198488625490412445e+11
1.200526892831669006e+11
1.202565160233583374e+11
1.204603427696033020e+11
1.206641695218911896e+11
1.208679962802137146e+11
1.210718230445643463e+11
1.212756498149405518e+11
1.214794765913419037e+11
1.216833033737692261e+11
1.218871301622236633e+11
1.220909569567042694e+11
1.222947837572084198e+11
1.224986105637320557e+11
1.227024373762713928e+11
1.229062641948226624e+11
1.231100910193833466e+11
1.233139178499524231e+11
1.235177446865303040e+11
1.237215715291181793e+11
1.239253983777201691e+11
1.241292252323400269e+11
1.243330520929817047e+11
1.245368789596483307e+11
1.247407058323419037e+11
1.249445327110638123e+11
1.251483595958147888e+11
1.253521864865964813e+11
1.255560133834104462e+11
1.257598402862584076e+11
1.259636671951428070e+11
1.261674941100655365e+11
1.263713210310294189e+11
1.265751479580373840e+11
1.267789748910918121e+11
1.269828018301956482e+11
1.271866287753518829e+11
1.273904557265628052e+11
1.275942826838314514e+11
1.277981096471597443e+11
1.280019366165498657e+11
1.282057635920036011e+11
1.284095905735233002e+11
1.286134175611113586e+11
1.288172445547700958e+11
1.290210715545030823e+11
1.292248985603120880e+11
1.294287255721989288e+11
1.296325525901635437e+11
1.298363796142035828e+11
1.300402066443143463e+11
1.302440336804893188e+11
1.304478607227195892e+11
1.306516877709959106e+11
1.308555148253074951e+11
1.310593418856434021e+11
1.312631689519936676e+11
1.314669960243487701e+11
1.316708231027014618e+11
1.318746501870461731e+11
1.320784772773803864e+11
1.322823043737032623e+11
1.324861314760166321e+11
1.326899585843238220e+11
1.328937856986283417e+11
1.330976128189340210e+11
1.333014399452439270e+11
1.335052670775597076e+11
1.337090942158815308e+11
1.339129213602085724e+11
1.341167485105389099e+11
1.343205756668705597e+11
1.345244028292009735e+11
1.347282299975283508e+11
1.349320571718511047e+11
1.351358843521687012e+11
1.353397115384808655e+11
1.355435387307878571e+11
1.357473659290904388e+11
1.359511931333887787e+11
1.361550203436827393e+11
1.363588475599717255e+11
1.365626747822532959e+11
1.367665020105249786e+11
1.369703292447831573e+11
1.371741564850245209e+11
1.373779837312465210e+11
1.375818109834469299e+11
1.377856382416256104e+11
1.379894655057821045e+11
1.381932927759174500e+11
1.383971200520332031e+11
1.386009473341311340e+11
1.388047746222128601e+11
1.390086019162805176e+11
1.392124292163364563e+11
1.394162565223832703e+11
1.396200838344240723e+11
1.398239111524628601e+11
1.400277384765039368e+11
1.402315658065516663e+11
1.404353931426107178e+11
1.406392204846850891e+11
1.408430478327779236e+11
1.410468751868908081e+11
1.412507025470237427e+11
1.414545299131741333e+11
1.416583572853380127e+11
1.418621846635085754e+11
1.420660120476781006e+11
1.422698394378382263e+11
1.424736668339807739e+11
1.426774942360982361e+11
1.426938004285255737e+11
1.428976278370890503e+11
1.431014552516173706e+11
1.433052826721085815e+11
1.435091100985626526e+11
1.437129375309809875e+11
1.439167649693660889e+11
1.441205924137207947e+11
1.443244198640480042e+11
1.445282473203497314e+11
1.447320747826275330e+11
1.449359022508818054e+11
1.451397297251117859e+11
1.453435572053156128e+11
1.455473846914910278e+11
1.457512121836343994e+11
1.459550396817430420e+11
1.461588671858131714e+11
1.463626946958421936e+11
1.465665222118276062e+11
1.467703497337673950e+11
1.469741772616604004e+11
1.471780047955056152e+11
1.473818323353032532e+11
1.475856598810531006e+11
1.477894874327555847e+11
1.479933149904110718e+11
1.481971425540201721e+11
1.484009701235828552e+11
1.486047976990989380e+11
1.488086252805684509e+11
1.490124528679905701e+11
1.492162804613643494e+11
1.494201080606889038e+11
1.496239356659631653e+11
1.498277632771860962e+11
1.500315908943569031e+11
1.502354185174750061e+11
1.504392461465401917e+11
1.506430737815529175e+11
1.508469014225132751e+11
1.510507290694223328e+11
1.512545567222820129e+11
1.514583843810941467e+11
1.516622120458608398e+11
1.518660397165848694e+11
1.520698673932688599e+11
1.522736950759148865e+11
1.524775227645247803e+11
1.526813504590997009e+11
1.528851781596398926e+11
1.530890058661452942e+11
1.532928335786143188e+11
1.534966612970452576e+11
1.537004890214356995e+11
1.539043167517831116e+11
1.541081444880841370e+11
1.543119722303359680e+11
1.545157999785359192e+11
1.547196277326809692e+11
1.549234554927685852e+11
1.551272832587969971e+11
1.553311110307651978e+11
1.555349388086718140e+11
1.557387665925168762e+11
1.559425943823001709e+11
1.561464221780222473e+11
1.563502499796843567e+11
1.565540777872868347e+11
1.567579056008309021e+11
1.569617334203177185e+11
1.571655612457471008e+11
1.573693890771192627e+11
1.575732169144337769e+11
1.577770447576892700e+11
1.579808726068841858e+11
1.581847004620157166e+11
1.583885283230817566e+11
1.585923561900789185e+11
1.587961840630046387e+11
1.590000119418555603e+11
1.592038398266297607e+11
1.594076677173247986e+11
1.596114956139391785e+11
1.598153235164718323e+11
1.600191514249224243e+11
1.602229793392907410e+11
1.604268072595779724e+11
1.606306351857846680e+11
1.608344631179122620e+11
1.610382910559621277e+11
1.612421189999360046e+11
1.614459469498352966e+11
1.616497749056613770e+11
1.618536028674162292e+11
1.620574308351010132e+11
1.622612588087169495e+11
1.624650867882649841e+11
1.626689147737453308e+11
1.628727427651581726e+11
1.630765707625029602e+11
1.632803987657790527e+11
1.634842267749854736e+11
1.636880547901210632e+11
1.638918828111854248e+11
1.640957108381775513e+11
1.642995388710968628e+11
1.645033669099431763e+11
1.647071949547158813e+11
1.649110230054149780e+11
1.651148510620402832e+11
1.653186791245911865e+11
1.655225071930675049e+11
1.657263352674684143e+11
1.659301633477932129e+11
1.661339914340408020e+11
1.663378195262102966e+11
1.665416476243000793e+11
1.667454757283093567e+11
1.669493038382365417e+11
1.671531319540810547e+11
1.673569600758417053e+11
1.675607882035181274e+11
1.677646163371097107e+11
1.679684444766162415e+11
1.681722726220377197e+11
1.683761007733741760e+11
1.685799289306254272e+11
1.687837570937915955e+11
1.689875852628729553e+11
1.691914134378696594e+11
1.693952416187817383e+11
1.695990698056095276e+11
1.698028979983531189e+11
1.700067261970126038e+11
1.702105544015886841e+11
1.704143826120810547e+11
1.706182108284902039e+11
1.708220390508160706e+11
1.710258672790584717e+11
1.712296955132170410e+11
1.714335237532913208e+11
1.716373519992808228e+11
1.718411802511844788e+11
1.720450085090008850e+11
1.722488367727291260e+11
1.724526650423675842e+11
1.726564933179149170e+11
1.728603215993697510e+11
1.730641498867304382e+11
1.732679781799958191e+11
1.734718064791653442e+11
1.736756347842382202e+11
1.738794630952139893e+11
1.740832914120927429e+11
1.742871197348747864e+11
1.744909480635605774e+11
1.746947763981502991e+11
1.748986047386447144e+11
1.751024330850440369e+11
1.753062614373489075e+11
1.755100897955596008e+11
1.757139181596772156e+11
1.759177465297026672e+11
1.761215749056374207e+11
1.763254032874821472e+11
1.765292316752383118e+11
1.767330600689066772e+11
1.769368884684878540e+11
1.771407168739821777e+11
1.773445452853897400e+11
1.775483737027100830e+11
1.777522021259425964e+11
1.779560305550857544e+11
1.781598589901387634e+11
1.783636874311004333e+11
1.785675158779701538e+11
1.787713443307475281e+11
1.789751727894321899e+11
1.791790012540239258e+11
1.793828297245223389e+11
1.795866582009266663e+11
1.797904866832364807e+11
1.799943151714509888e+11
1.801981436655698242e+11
1.804019721655928040e+11
1.806058006715191040e+11
1.808096291833487244e+11
1.810134577010812683e+11
1.812172862247161865e+11
1.814211147542530518e+11
1.816249432896912842e+11
1.818287718310306396e+11
1.820326003782709961e+11
1.822364289314123230e+11
1.824402574904548035e+11
1.826440860553986511e+11
1.828479146262436523e+11
1.830517432029898071e+11
1.832555717856363525e+11
1.834594003741828613e+11
1.836632289686291809e+11
1.838670575689746704e+11
1.840708861752189331e+11
1.842747147873618469e+11
1.844785434054037170e+11
1.846823720293450012e+11
1.848862006591864624e+11
1.850900292949284668e+11
1.852938579365722656e+11
1.854976865841184082e+11
1.857015152375672302e+11
1.859053438969196472e+11
1.861091725621751709e+11
1.863130012333338318e+11
1.865168299103954468e+11
1.867206585933589783e+11
1.869244872822243042e+11
1.871283159769905701e+11
1.873321446776568298e+11
1.875359733842232361e+11
1.877398020966890564e+11
1.879436308150540466e+11
1.881474595393182678e+11
1.883512882694816589e+11
1.885551170055440369e+11
1.887589457475056152e+11
1.889627744953665771e+11
1.891666032491271667e+11
1.893704320087870789e+11
1.895742607743468018e+11
1.897780895458065186e+11
1.899819183231664124e+11
1.901857471064266663e+11
1.903895758955874939e+11
1.905934046906494751e+11
1.907972334916124268e+11
1.910010622984769592e+11
1.912048911112432251e+11
1.914087199299114380e+11
1.916125487544818115e+11
1.918163775849545288e+11
1.920202064213299561e+11
1.922240352636081543e+11
1.924278641117894897e+11
1.926316929658737793e+11
1.928355218258611450e+11
1.930393506917512817e+11
1.932431795635436096e+11
1.934470084412382202e+11
1.936508373248348083e+11
1.938546662143335571e+11
1.940584951097344360e+11
1.942623240110378723e+11
1.944661529182440491e+11
1.946699818313529358e+11
1.948738107503651733e+11
1.950776396752807617e+11
1.952814686060996399e+11
1.954852975428222961e+11
1.956891264854486389e+11
1.958929554339786987e+11
1.960967843884123230e+11
1.963006133487492676e+11
1.965044423149891357e+11
1.967082712871319580e+11
1.969121002651769104e+11
1.971159292491240540e+11
1.973197582389732971e+11
1.975235872347241211e+11
1.977274162363753052e+11
1.979312452439268799e+11
1.981350742573807983e+11
1.983389032767350769e+11
1.985427323019877625e+11
1.987465613331408386e+11
1.989503903701922913e+11
1.991542194131441345e+11
1.993580484619944153e+11
1.995618775167430420e+11
1.997657065773920593e+11
1.999695356439414673e+11
2.001733647163932190e+11
2.003771937947472839e+11
2.005810228790057068e+11
2.007848519691684265e+11
2.009886810652354736e+11
2.011925101672107544e+11
2.013963392750923767e+11
2.016001683888802185e+11
2.018039975085763550e+11
2.020078266341807861e+11
2.022116557656895142e+11
2.024154849031064758e+11
2.026193140464297485e+11
2.028231431956573181e+11
2.030269723507911682e+11
2.032308015118313293e+11
2.034346306787758179e+11
2.036384598516246033e+11
2.038422890303796692e+11
2.040461182150390930e+11
2.042499474056047974e+11
2.044537766020767822e+11
2.046576058044530334e+11
2.048614350127356262e+11
2.050652642269225464e+11
2.052690934470177002e+11
2.054729226730171814e+11
2.056767519049229431e+11
2.058805811427369690e+11
2.060844103864552917e+11
2.062882396360838623e+11
2.064920688916167603e+11
2.066958981530598755e+11
2.068997274204093018e+11
2.071035566936689453e+11
2.073073859728368530e+11
2.075112152579130249e+11
2.077150445488994141e+11
2.079188738457960205e+11
2.081227031486048584e+11
2.083265324573219299e+11
2.085303617719512329e+11
2.087341910924907532e+11
2.089380204189444580e+11
2.091418497513064270e+11
2.093456790895845337e+11
2.095495084337728577e+11
2.097533377838753662e+11
2.099571671398900757e+11
2.101609965018209534e+11
2.103648258696679382e+11
2.105686552434330444e+11
2.107724846231143188e+11
2.109763140087156677e+11
2.111801434002371216e+11
2.113839727976806030e+11
2.115878022010441895e+11
2.117916316103298645e+11
2.119954610255375671e+11
2.121992904466673584e+11
2.124031198737191772e+11
2.126069493066930542e+11
2.128107787455870361e+11
2.130146081904030457e+11
2.132184376411372070e+11
2.134222670977914429e+11
2.136260965603657837e+11
2.138299260288562622e+11
2.140337555032668457e+11
2.142375849835935364e+11
2.144414144698403320e+11
2.146452439620032959e+11
2.148490734600843201e+11
2.150529029640815430e+11
2.152567324739988708e+11
2.154605619898322754e+11
2.156643915115858154e+11
2.158682210392554932e+11
2.160720505728452454e+11
2.162758801123551025e+11
2.164797096577870178e+11
2.166835392091390076e+11
2.168873687664130859e+11
2.170911983296111450e+11
2.172950278987332764e+11
2.174988574737814026e+11
2.177026870547535706e+11
2.179065166416556702e+11
2.181103462344818115e+11
2.183141758332378845e+11
2.185180054379219055e+11
2.187218350485319519e+11
2.189256646650700073e+11
2.191294942875379944e+11
2.193333239159319458e+11
2.195371535502539062e+11
2.197409831905057983e+11
2.199448128366836853e+11
2.201486424887895508e+11
2.203524721468253784e+11
2.205563018107872009e+11
2.207601314806809387e+11
2.209639611565006714e+11
2.211677908382503357e+11
2.213716205259299622e+11
2.215754502195395508e+11
2.217792799190771179e+11
2.219831096220567017e+11
2.221869393140260620e+11
2.223907689926471558e+11
2.225945986579101257e+11
2.227984283098030701e+11
2.230022579483142090e+11
2.232060875734337158e+11
2.234099171851477356e+11
2.236137467834484253e+11
2.238175763683219910e+11
2.240214059397565308e+11
2.242252354977402954e+11
2.244290650422653809e+11
2.246328945733159790e+11
2.248367240908822632e+11
2.250405535949543762e+11
2.252443830855185242e+11
2.254482125625628662e+11
2.256520420260775452e+11
2.258558714760487976e+11
2.260597009124666748e+11
2.262635303353194580e+11
2.264673597445952454e+11
2.266711891402802734e+11
2.268750185223646545e+11
2.270788478908365784e+11
2.272826772456822815e+11
2.274865065868879089e+11
2.276903359144416504e+11
2.278941652283316345e+11
2.280979945285441589e+11
2.283018238150673218e+11
2.285056530878873291e+11
2.287094823469923706e+11
2.289133115923706360e+11
2.291171408240083008e+11
2.293209700418974915e+11
2.295247992460223999e+11
2.297286284363751831e+11
2.299324576129440002e+11
2.301362867757150269e+11
2.303401159246803894e+11
2.305439450598283081e+11
2.307477741811468811e+11
2.309516032886243591e+11
2.311554323822528076e+11
2.313592614620203552e+11
2.315630905279132996e+11
2.317669195799236755e+11
2.319707486180377197e+11
2.321745776422455750e+11
2.323784066525354004e+11
2.325822356488953857e+11
2.327860646313117065e+11
2.329898935997745361e+11
2.331937225542720032e+11
2.333975514947883911e+11
2.336013804213138123e+11
2.338052093338363953e+11
2.340090382323424377e+11
2.342128671168200378e+11
2.344166959872573853e+11
2.346205248436426697e+11
2.348243536859620667e+11
2.350281825142017822e+11
2.352320113283519592e+11
2.354358401283988342e+11
2.356396689143285522e+11
2.358434976861312866e+11
2.360473264437932129e+11
2.362511551873005371e+11
2.364549839166434631e+11
2.366588126318081055e+11
2.368626413327826843e+11
2.370664700195553589e+11
2.372702986921123047e+11
2.374741273504437256e+11
2.376779559945377502e+11
2.378817846243786316e+11
2.380856132399584351e+11
2.382894418412633972e+11
2.384932704282797241e+11
2.386970990009975586e+11
2.389009275594030457e+11
2.391047561034824829e+11
2.393085846332259521e+11
2.395124131486196594e+11
2.397162416496537476e+11
2.399200701363124390e+11
2.401238986085859070e+11
2.403277270664583435e+11
2.405315555099219055e+11
2.407353839389588318e+11
2.409392123535611877e+11
2.411430407537152405e+11
2.413468691394071960e+11
2.415506975106251221e+11
2.417545258673553162e+11
2.419583542095859680e+11
2.421621825373051758e+11
2.423660108504972229e+11
2.425698391491502380e+11
2.427736674332524109e+11
2.429774957027879639e+11
2.431813239577471008e+11
2.433851521981119690e+11
2.435889804238747559e+11
2.437928086350177002e+11
2.439966368315290222e+11
2.442004650133948059e+11
2.444042931806033325e+11
2.446081213331388245e+11
2.448119494709893799e+11
2.450157775941412659e+11
2.452196057025806274e+11
2.454234337962956543e+11
2.456272618752706299e+11
2.458310899394936829e+11
2.460349179889510193e+11
2.462387460236287842e+11
2.464425740435093384e+11
2.466464020485827637e+11
2.468502300388312683e+11
2.470540580142431641e+11
2.472578859748005676e+11
2.474617139204897766e+11
2.476655418512969360e+11
2.478693697672082520e+11
2.480731976682079773e+11
2.482770255542822876e+11
2.484808534254173889e+11
2.486846812816014709e+11
2.488885091228187561e+11
2.490923369490554199e+11
2.492961647602996521e+11
2.494999925565376587e+11
2.497038203377575989e+11
2.499076481039437561e+11
2.501114758550861511e+11
2.503153035911711121e+11
2.505191313121847534e+11
2.507229590181152954e+11
2.509267867089489441e+11
2.511306143846698608e+11
2.513344420452702026e+11
2.515382696907322693e+11
2.517420973210441895e+11
2.519459249361921692e+11
2.521497525361643066e+11
2.523535801209449768e+11
2.525574076905222473e+11
2.527612352448784485e+11
2.529650627840036316e+11
2.531688903078820801e+11
2.533727178165000305e+11
2.535765453098435669e+11
2.537803727878970337e+11
2.539842002506465759e+11
2.541880276980804443e+11
2.543918551301807251e+11
2.545956825469377136e+11
2.547995099483316650e+11
2.550033373343507080e+11
2.552071647049830627e+11
2.554109920602109680e+11
2.556148194000205994e+11
2.558186467244001770e+11
2.560224740333358459e+11
2.562263013268099060e+11
2.564301286048124695e+11
2.566339558673238831e+11
2.568377831143362122e+11
2.570416103458297119e+11
2.572454375617925720e+11
2.574492647622091064e+11
2.576530919470673828e+11
2.578569191163496704e+11
2.580607462700422363e+11
2.582645734081312256e+11
2.584684005306047974e+11
2.586722276374452515e+11
2.588760547286408081e+11
2.590798818041755371e+11
2.592837088640377808e+11
2.594875359082096863e+11
2.596913629366813965e+11
2.598951899494352722e+11
2.600990169464593506e+11
2.603028439277359619e+11
2.605066708932533264e+11
2.607104978429955750e+11
2.609143247769469604e+11
2.611181516950957031e+11
2.613219785974220886e+11
2.615258054839161682e+11
2.617296323545603027e+11
2.619334592093406067e+11
2.621372860482433777e+11
2.623411128712527466e+11
2.625449396783530273e+11
2.627487664695303650e+11
2.629525932447689819e+11
2.631564200040551147e+11
2.633602467473729858e+11
2.635640734747067566e+11
2.637679001860407715e+11
2.639717268813591919e+11
2.641755535606502075e+11
2.643793802238921509e+11
2.645832068710750732e+11
2.647870335021793823e+11
2.649908601171892395e+11
2.651946867160928345e+11
2.653985132988704224e+11
2.656023398655062866e+11
2.658061664159885254e+11
2.660099929502994995e+11
2.662138194684233093e+11
2.664176459703443298e+11
2.666214724560486450e+11
2.668252989255166016e+11
2.670291253787362976e+11
2.672329518156881409e+11
2.674367782363542786e+11
2.676406046407229309e+11
2.678444310287743530e+11
2.680482574004888916e+11
2.682520837558546753e+11
2.684559100948499756e+11
2.686597364174611511e+11
2.688635627236702576e+11
2.690673890134596558e+11
2.692712152868135986e+11
2.694750415437162476e+11
2.696788677841499023e+11
2.698826940080988159e+11
2.700865202155471191e+11
2.702903464064791260e+11
2.704941725808790588e+11
2.706979987387291565e+11
2.709018248800176086e+11
2.711056510047266235e+11
2.713094771128385620e+11
2.715133032043414612e+11
2.717171292792156982e+11
2.719209553374494019e+11
2.721247813790248718e+11
2.723286074039263000e+11
2.725324334121359863e+11
2.727362594036420288e+11
2.729400853784248047e+11
2.731439113364685059e+11
2.733477372777612610e+11
2.735515632022813721e+11
2.737553891100151672e+11
2.739592150009467468e+11
2.741630408750584412e+11
2.743668667323344116e+11
2.745706925727589417e+11
2.747745183963162842e+11
2.749783442029885864e+11
2.751821699927602539e+11
2.753859957656153564e+11
2.755898215215361938e+11
2.757936472605070190e+11
2.759974729825100708e+11
2.762012986875315552e+11
2.764051243755537720e+11
2.766089500465588989e+11
2.768127757005292969e+11
2.770166013374510498e+11
2.772204269573044434e+11
2.774242525600758057e+11
2.776280781457472534e+11
2.778319037142991943e+11
2.780357292657197266e+11
2.782395547999891968e+11
2.784433803170917358e+11
2.786472058170076904e+11
2.788510312997232666e+11
2.790548567652207031e+11
2.792586822134822998e+11
2.794625076444902344e+11
2.796663330582287598e+11
2.798701584546802368e+11
2.800739838338267822e+11
2.802778091956526489e+11
2.804816345401421509e+11
2.806854598672755737e+11
2.808892851770369873e+11
2.810931104694107666e+11
2.812969357443791504e+11
2.815007610019263306e+11
2.817045862420326538e+11
2.819084114646823120e+11
2.821122366698594360e+11
2.823160618575444946e+11
2.825198870277215576e+11
2.827237121803709717e+11
2.829275373154790649e+11
2.831313624330239258e+11
2.833351875329898682e+11
2.835390126153612061e+11
2.837428376801161499e+11
2.839466627272390747e+11
2.841504877567139893e+11
2.843543127685213013e+11
2.845581377626433105e+11
2.847619627390641479e+11
2.849657876977622070e+11
2.851696126387236938e+11
2.853734375619307861e+11
2.855772624673618774e+11
2.857810873550010986e+11
2.859849122248288574e+11
2.861887370768312378e+11
2.863925619109846802e+11
2.865963867272733154e+11
2.868002115256795044e+11
2.870040363061815796e+11
2.872078610687636108e+11
2.874116858134060059e+11
2.876155105400890503e+11
2.878193352487949829e+11
2.880231599395040894e+11
2.882269846121985474e+11
2.884308092668587646e+11
2.886346339034649658e+11
2.888384585220014038e+11
2.890422831224483643e+11
2.892461077047860718e+11
2.894499322689969482e+11
2.896537568150591431e+11
2.898575813429548950e+11
2.900614058526666260e+11
2.902652303441724854e+11
2.904690548174528198e+11
2.906728792724879761e+11
2.908767037092582397e+11
2.910805281277418213e+11
2.912843525279230347e+11
2.914881769097761230e+11
2.916920012732855225e+11
2.918958256184274292e+11
2.920996499451860962e+11
2.923034742535379028e+11
2.925072985434671021e+11
2.927111228149498901e+11
2.929149470679686890e+11
2.931187713025037231e+11
2.933225955185352783e+11
2.935264197160455933e+11
2.937302438950130005e+11
2.939340680554197388e+11
2.941378921972481079e+11
2.943417163204763794e+11
2.945455404250848999e+11
2.947493645110578613e+11
2.949531885783715820e+11
2.951570126270103149e+11
2.953608366569542847e+11
2.955646606681839600e+11
2.957684846606774292e+11
2.959723086344171143e+11
2.961761325893851929e+11
2.963799565255579834e+11
2.965837804429197998e+11
2.967876043414488525e+11
2.969914282211275635e+11
2.971952520819320679e+11
2.973990759238468018e+11
2.976028997468499146e+11
2.978067235509237671e+11
2.980105473360446167e+11
2.982143711021967773e+11
2.984181948493565063e+11
2.986220185775081177e+11
2.988258422866278687e+11
2.990296659767001343e+11
2.992334896477010498e+11
2.994373132996130371e+11
2.996411369324163208e+11
2.998449605460892334e+11
3.000487841406140137e+11
3.002526077159689941e+11
3.004564312721344604e+11
3.006602548090905762e+11
3.008640783268178711e+11
3.010679018252964478e+11
3.012717253045027466e+11
3.014755487644208984e+11
3.016793722050272827e+11
3.018831956263023071e+11
3.020870190282260742e+11
3.022908424107789307e+11
3.024946657739373169e+11
3.026984891176833496e+11
3.029023124419954224e+11
3.031061357468537598e+11
3.033099590322368164e+11
3.035137822981227417e+11
3.037176055444938965e+11
3.039214287713265381e+11
3.041252519785991211e+11
3.043290751662957153e+11
3.045328983343907471e+11
3.047367214828645630e+11
3.049405446116974487e+11
3.051443677208676758e+11
3.053481908103534546e+11
3.055520138801372681e+11
3.057558369301932983e+11
3.059596599605058594e+11
3.061634829710492554e+11
3.063673059618058472e+11
3.065711289327519531e+11
3.067749518838697510e+11
3.069787748151356812e+11
3.071825977265280151e+11
3.073864206180270386e+11
3.075902434896090088e+11
3.077940663412543945e+11
3.079978891729414062e+11
3.082017119846463623e+11
3.084055347763496094e+11
3.086093575480313721e+11
3.088131802996660767e+11
3.090170030312340088e+11
3.092208257427133789e+11
3.094246484340806885e+11
3.096284711053161621e+11
3.098322937563960571e+11
3.100361163873007812e+11
3.102399389980065918e+11
3.104437615884899292e+11
3.106475841587290039e+11
3.108514067087041626e+11
3.110552292383878174e+11
3.112590517477621460e+11
3.114628742368015747e+11
3.116666967054844360e+11
3.118705191537870483e+11
3.120743415816878052e+11
3.122781639891629028e+11
3.124819863761887207e+11
3.126858087427456665e+11
3.128896310888059692e+11
3.130934534143520508e+11
3.132972757193562012e+11
3.135010980037967529e+11
3.137049202676500244e+11
3.139087425108925171e+11
3.141125647335023804e+11
3.143163869354539795e+11
3.145202091167257080e+11
3.147240312772899780e+11
3.149278534171269531e+11
3.151316755362092285e+11
3.153354976345130005e+11
3.155393197120166016e+11
3.157431417686924438e+11
3.159469638045208130e+11
3.161507858194741821e+11
3.163546078135287476e+11
3.165584297866610718e+11
3.167622517388472290e+11
3.169660736700617676e+11
3.171698955802849121e+11
3.173737174694871826e+11
3.175775393376486816e+11
3.177813611847420044e+11
3.179851830107453613e+11
3.181890048156351318e+11
3.183928265993856201e+11
3.185966483619732666e+11
3.188004701033723755e+11
3.190042918235612793e+11
3.192081135225144043e+11
3.194119352002080078e+11
3.196157568566184692e+11
3.198195784917201538e+11
3.200234001054894409e+11
3.202272216979006348e+11
3.204310432689321289e+11
3.206348648185582275e+11
3.208386863467533569e+11
3.210425078534937744e+11
3.212463293387559204e+11
3.214501508025161133e+11
3.216539722447467041e+11
3.218577936654260864e+11
3.220616150645285645e+11
3.222654364420305176e+11
3.224692577979063110e+11
3.226730791321303101e+11
3.228769004446808472e+11
3.230807217355302734e+11
3.232845430046550293e+11
3.234883642520332642e+11
3.236921854776356201e+11
3.238960066814382935e+11
3.240998278634196167e+11
3.243036490235519409e+11
3.245074701618137207e+11
3.247112912781753540e+11
3.249151123726150513e+11
3.251189334451092529e+11
3.253227544956283569e+11
3.255265755241526489e+11
3.257303965306544800e+11
3.259342175151102905e+11
3.261380384774923706e+11
3.263418594177771606e+11
3.265456803359409790e+11
3.267495012319562378e+11
3.269533221057991943e+11
3.271571429574443359e+11
3.273609637868659668e+11
3.275647845940384521e+11
3.277686053789382324e+11
3.279724261415375366e+11
3.281762468818108521e+11
3.283800675997345581e+11
3.285838882952809448e+11
3.287877089684244995e+11
3.289915296191414795e+11
3.291953502474023438e+11
3.293991708531853638e+11
3.296029914364609985e+11
3.298068119972036743e+11
3.300106325353896484e+11
3.302144530509914551e+11
3.304182735439832764e+11
3.306220940143377075e+11
3.308259144620308838e+11
3.310297348870333862e+11
3.312335552893215332e+11
3.314373756688677368e+11
3.316411960256463013e+11
3.318450163596296387e+11
3.320488366707922363e+11
3.322526569591082764e+11
3.324564772245503540e+11
3.326602974670927124e+11
3.328641176867077637e+11
3.330679378833679810e+11
3.332717580570496216e+11
3.334755782077231445e+11
3.336793983353609619e+11
3.338832184399394531e+11
3.340870385214309082e+11
3.342908585798059082e+11
3.344946786150406494e+11
3.346984986271057129e+11
3.349023186159733276e+11
3.351061385816179810e+11
3.353099585240120850e+11
3.355137784431279907e+11
3.357175983389360962e+11
3.359214182114127808e+11
3.361252380605245361e+11
3.363290578862496948e+11
3.365328776885546875e+11
3.367366974674140015e+11
3.369405172227998657e+11
3.371443369546809082e+11
3.373481566630333862e+11
3.375519763478237305e+11
3.377557960090283813e+11
3.379596156466138306e+11
3.381634352605543823e+11
3.383672548508204956e+11
3.385710744173845825e+11
3.387748939602150269e+11
3.389787134792863159e+11
3.391825329745668335e+11
3.393863524460270386e+11
3.395901718936412964e+11
3.397939913173760986e+11
3.399978107172038574e+11
3.402016300930969238e+11
3.404054494450217896e+11
3.406092687729528198e+11
3.408130880768566284e+11
3.410169073567054443e+11
3.412207266124698486e+11
3.414245458441181641e+11
3.416283650516208496e+11
3.418321842349484253e+11
3.420360033940712891e+11
3.422398225289558105e+11
3.424436416395764771e+11
3.426474607258997803e+11
3.428512797878960571e+11
3.430550988255377808e+11
3.432589178387914429e+11
3.434627368276274414e+11
3.436665557920161743e+11
3.438703747319262085e+11
3.440741936473278198e+11
3.442780125381915283e+11
3.444818314044838867e+11
3.446856502461771851e+11
3.448894690632399902e+11
3.450932878556406250e+11
3.452971066233475952e+11
3.455009253663313599e+11
3.457047440845623779e+11
3.459085627780089722e+11
3.461123814466378174e+11
3.463162000904191895e+11
3.465200187093215942e+11
3.467238373033154907e+11
3.469276558723673096e+11
3.471314744164475708e+11
3.473352929355246582e+11
3.475391114295670776e+11
3.477429298985432129e+11
3.479467483424215088e+11
3.481505667611705322e+11
3.483543851547587280e+11
3.485582035231544800e+11
3.487620218663282471e+11
3.489658401842464600e+11
3.491696584768776855e+11
3.493734767441903687e+11
3.495772949861529541e+11
3.497811132027357788e+11
3.499849313939014282e+11
3.501887495596243896e+11
3.503925676998690186e+11
3.505963858146019287e+11
3.508002039037954102e+11
3.510040219674140015e+11
3.512078400054282227e+11
3.514116580178024902e+11
3.516154760045053711e+11
3.518192939655072021e+11
3.520231119007724609e+11
3.522269298102696533e+11
3.524307476939672852e+11
3.526345655518317871e+11
3.528383833838317261e+11
3.530422011899333496e+11
3.532460189701073608e+11
3.534498367243161011e+11
3.536536544525320435e+11
3.538574721547197266e+11
3.540612898308456421e+11
3.542651074808820801e+11
3.544689251047917480e+11
3.546727427025429688e+11
3.548765602741063232e+11
3.550803778194441528e+11
3.552841953385270386e+11
3.554880128313214111e+11
3.556918302977957153e+11
3.558956477379125366e+11
3.560994651516442871e+11
3.563032825389553833e+11
3.565070998998124390e+11
3.567109172341818237e+11
3.569147345420321045e+11
3.571185518233276978e+11
3.573223690780371704e+11
3.575261863061268921e+11
3.577300035075595093e+11
3.579338206823053589e+11
3.581376378303309937e+11
3.583414549515988770e+11
3.585452720460756226e+11
3.587490891137295532e+11
3.589529061545272217e+11
3.591567231684292603e+11
3.593605401554079590e+11
3.595643571154238892e+11
3.597681740484437256e+11
3.599719909544356689e+11
3.601758078333624268e+11
3.603796246851904297e+11
3.605834415098861084e+11
3.607872583074121704e+11
3.609910750777369995e+11
3.611948918208229980e+11
3.613987085366368408e+11
3.616025252251429443e+11
3.618063418863078003e+11
3.620101585200940552e+11
3.622139751264660034e+11
3.624177917053923950e+11
3.626216082568335571e+11
3.628254247807560425e+11
3.630292412771224976e+11
3.632330577458992920e+11
3.634368741870509644e+11
3.636406906005401001e+11
3.638445069863311768e+11
3.640483233443887329e+11
3.642521396746772461e+11
3.644559559771592407e+11
3.646597722517974243e+11
3.648635884985580444e+11
3.650674047174018555e+11
3.652712209082932739e+11
3.654750370711948853e+11
3.656788532060692749e+11
3.658826693128807983e+11
3.660864853915902710e+11
3.662903014421600342e+11
3.664941174645526733e+11
3.666979334587308350e+11
3.669017494246569214e+11
3.671055653622915649e+11
3.673093812715993042e+11
3.675131971525407104e+11
3.677170130050783081e+11
3.679208288291746216e+11
3.681246446247902832e+11
3.683284603918876953e+11
3.685322761304296265e+11
3.687360918403764648e+11
3.689399075216888428e+11
3.691437231743312988e+11
3.693475387982623901e+11
3.695513543934426880e+11
3.697551699598367920e+11
3.699589854974031372e+11
3.701628010061025391e+11
3.703666164858972778e+11
3.705704319367461548e+11
3.707742473586096191e+11
3.709780627514483032e+11
3.711818781152247314e+11
3.713856934498955688e+11
3.715895087554232788e+11
3.717933240317665405e+11
3.719971392788858643e+11
3.722009544967399292e+11
3.724047696852911987e+11
3.726085848444982910e+11
3.728123999743198853e+11
3.730162150747164307e+11
3.732200301456466064e+11
3.734238451870709839e+11
3.736276601989500732e+11
3.738314751812406006e+11
3.740352901339050293e+11
3.742391050569000244e+11
3.744429199501881714e+11
3.746467348137240601e+11
3.748505496474702148e+11
3.750543644513852539e+11
3.752581792254258423e+11
3.754619939695525513e+11
3.756658086837259521e+11
3.758696233679006958e+11
3.760734380220373535e+11
3.762772526460944824e+11
3.764810672400307617e+11
3.766848818038046875e+11
3.768886963373710938e+11
3.770925108406943359e+11
3.772963253137271118e+11
3.775001397564280396e+11
3.777039541687578125e+11
3.779077685506728516e+11
3.781115829021299438e+11
3.783153972230876465e+11
3.785192115135006104e+11
3.787230257733294067e+11
3.789268400025286865e+11
3.791306542010570679e+11
3.793344683688711548e+11
3.795382825059276123e+11
3.797420966121849976e+11
3.799459106875960083e+11
3.801497247321212769e+11
3.803535387457173462e+11
3.805573527283370361e+11
3.807611666799387207e+11
3.809649806004792480e+11
3.811687944899151001e+11
3.813726083482030029e+11
3.815764221752976074e+11
3.817802359711574707e+11
3.819840497357372437e+11
3.821878634689935913e+11
3.823916771708831177e+11
3.825954908413605347e+11
3.827993044803823853e+11
3.830031180879053345e+11
3.832069316638840942e+11
3.834107452082732544e+11
3.836145587210314331e+11
3.838183722021113281e+11
3.840221856514696045e+11
3.842259990690628052e+11
3.844298124548436890e+11
3.846336258087688599e+11
3.848374391307909546e+11
3.850412524208687134e+11
3.852450656789566040e+11
3.854488789050054932e+11
3.856526920989758911e+11
3.858565052608185425e+11
3.860603183904920044e+11
3.862641314879489746e+11
3.864679445531461182e+11
3.866717575860380859e+11
3.868755705865794678e+11
3.870793835547250366e+11
3.872831964904313354e+11
3.874870093936510620e+11
3.876908222643408813e+11
3.878946351024554443e+11
3.880984479079473877e+11
3.883022606807733765e+11
3.885060734208861084e+11
3.887098861282382812e+11
3.889136988027864380e+11
3.891175114444853516e+11
3.893213240532837524e+11
3.895251366291401367e+11
3.897289491720053101e+11
3.899327616818338623e+11
3.901365741585785522e+11
3.903403866021900635e+11
3.905441990126250610e+11
3.907480113898361816e+11
3.909518237337722168e+11
3.911556360443897095e+11
3.913594483216394043e+11
3.915632605654740601e+11
3.917670727758463135e+11
3.919708849527069092e+11
3.921746970960085449e+11
3.923785092057037964e+11
3.925823212817434692e+11
3.927861333240783081e+11
3.929899453326628418e+11
3.931937573074439697e+11
3.933975692483743896e+11
3.936013811554066772e+11
3.938051930284896240e+11
3.940090048675759277e+11
3.942128166726123657e+11
3.944166284435516357e+11
3.946204401803464355e+11
3.948242518829414673e+11
3.950280635512894897e+11
3.952318751853413086e+11
3.954356867850435181e+11
3.956394983503489380e+11
3.958433098812042847e+11
3.960471213775582886e+11
3.962509328393616333e+11
3.964547442665632324e+11
3.966585556591096802e+11
3.968623670169517212e+11
3.970661783400382080e+11
3.972699896283137817e+11
3.974738008817293091e+11
3.976776121002315063e+11
3.978814232837690430e+11
3.980852344322907715e+11
3.982890455457413940e+11
3.984928566240697632e+11
3.986966676672225952e+11
3.989004786751466064e+11
3.991042896477906494e+11
3.993081005851014404e+11
3.995119114870237427e+11
3.997157223535064087e+11
3.999195331844941406e+11
4.001233439799356689e+11
4.003271547397759399e+11
4.005309654639615479e+11
4.007347761524393921e+11
4.009385868051541748e+11
4.011423974220546875e+11
4.013462080030838013e+11
4.015500185481901855e+11
4.017538290573167114e+11
4.019576395304101562e+11
4.021614499674172974e+11
4.023652603682829590e+11
4.025690707329518433e+11
4.027728810613687744e+11
4.029766913534766846e+11
4.031805016092262573e+11
4.033843118285562134e+11
4.035881220114135742e+11
4.037919321577409668e+11
4.039957422674853516e+11
4.041995523405894165e+11
4.044033623769979248e+11
4.046071723766519165e+11
4.048109823394979858e+11
4.050147922654790649e+11
4.052186021545379639e+11
4.054224120066174927e+11
4.056262218216624146e+11
4.058300315996157227e+11
4.060338413404180908e+11
4.062376510440144043e+11
4.064414607103454590e+11
4.066452703393561401e+11
4.068490799309873047e+11
4.070528894851835938e+11
4.072566990018841553e+11
4.074605084810316162e+11
4.076643179225689087e+11
4.078681273264388428e+11
4.080719366925802002e+11
4.082757460209359741e+11
4.084795553114488525e+11
4.086833645640578003e+11
4.088871737787037354e+11
4.090909829553293457e+11
4.092947920938736572e+11
4.094986011942774048e+11
4.097024102564834595e+11
4.099062192804307251e+11
4.101100282660581665e+11
4.103138372133084717e+11
4.105176461221205444e+11
4.107214549924353027e+11
4.109252638241896973e+11
4.111290726173245239e+11
4.113328813717786865e+11
4.115366900874929810e+11
4.117404987644024658e+11
4.119443074024498901e+11
4.121481160015722046e+11
4.123519245617062378e+11
4.125557330827930298e+11
4.127595415647693481e+11
4.129633500075740967e+11
4.131671584111461182e+11
4.133709667754224854e+11
4.135747751003400879e+11
4.137785833858395996e+11
4.139823916318580933e+11
4.141861998383324585e+11
4.143900080051995850e+11
4.145938161323983765e+11
4.147976242198638306e+11
4.150014322675346680e+11
4.152052402753479614e+11
4.154090482432366943e+11
4.156128561711416016e+11
4.158166640589957275e+11
4.160204719067360229e+11
4.162242797142954102e+11
4.164280874816127319e+11
4.166318952086230469e+11
4.168357028952592163e+11
4.170395105414581909e+11
4.172433181471530151e+11
4.174471257122805176e+11
4.176509332367737427e+11
4.178547407205675049e+11
4.180585481635969238e+11
4.182623555657947998e+11
4.184661629270962524e+11
4.186699702474360962e+11
4.188737775267473145e+11
4.190775847649649048e+11
4.192813919620198364e+11
4.194851991178470459e+11
4.196890062323815308e+11
4.198928133055522461e+11
4.200966203372961426e+11
4.203004273275442505e+11
4.205042342762294922e+11
4.207080411832829590e+11
4.209118480486394043e+11
4.211156548722280884e+11
4.213194616539817505e+11
4.215232683938355103e+11
4.217270750917164917e+11
4.219308817475574341e+11
4.221346883612914429e+11
4.223384949328495483e+11
4.225423014621607056e+11
4.227461079491578369e+11
4.229499143937701416e+11
4.231537207959305420e+11
4.233575271555679932e+11
4.235613334726115112e+11
4.237651397469941406e+11
4.239689459786430054e+11
4.241727521674888916e+11
4.243765583134630127e+11
4.245803644164923096e+11
4.247841704765078125e+11
4.249879764934366455e+11
4.251917824672097168e+11
4.253955883977540283e+11
4.255993942850007935e+11
4.258032001288749390e+11
4.260070059293094482e+11
4.262108116862274780e+11
4.264146173995599976e+11
4.266184230692360840e+11
4.268222286951807861e+11
4.270260342773231201e+11
4.272298398155921631e+11
4.274336453099110107e+11
4.276374507602125854e+11
4.278412561664201050e+11
4.280450615284625854e+11
4.282488668462669678e+11
4.284526721197584229e+11
4.286564773488659668e+11
4.288602825335127563e+11
4.290640876736277466e+11
4.292678927691360474e+11
4.294716978199648438e+11
4.296755028260350342e+11
4.298793077872778320e+11
4.300831127036142578e+11
4.302869175749734497e+11
4.304907224012744751e+11
4.306945271824464111e+11
4.308983319184123535e+11
4.311021366090974731e+11
4.313059412544227905e+11
4.315097458543154907e+11
4.317135504086984863e+11
4.319173549174931641e+11
4.321211593806245117e+11
4.323249637980155640e+11
4.325287681695895996e+11
4.327325724952695312e+11
4.329363767749766846e+11
4.331401810086340942e+11
4.333439851961629639e+11
4.335477893374843750e+11
4.337515934325233154e+11
4.339553974811991577e+11
4.341592014834310303e+11
4.343630054391439209e+11
4.345668093482551270e+11
4.347706132106857300e+11
4.349744170263588867e+11
4.351782207951898193e+11
4.353820245170996704e+11
4.355858281920114746e+11
4.357896318198405762e+11
4.359934354005061646e+11
4.361972389339293213e+11
4.364010424200272217e+11
4.366048458587171021e+11
4.368086492499201050e+11
4.370124525935494995e+11
4.372162558895264282e+11
4.374200591377680664e+11
4.376238623381916504e+11
4.378276654907124023e+11
4.380314685952474976e+11
4.382352716517141724e+11
4.384390746600275879e+11
4.386428776201050415e+11
4.388466805318617554e+11
4.390504833952109375e+11
4.392542862100717163e+11
4.394580889763555298e+11
4.396618916939794312e+11
4.398656943628547363e+11
4.400694969828987427e+11
4.402732995540246582e+11
4.404771020761456299e+11
4.406809045491751099e+11
4.408847069730261841e+11
4.410885093476122437e+11
4.412923116728464966e+11
4.414961139486401367e+11
4.416999161749046021e+11
4.419037183515550537e+11
4.421075204784989014e+11
4.423113225556511841e+11
4.425151245829234009e+11
4.427189265602248535e+11
4.429227284874666748e+11
4.431265303645582886e+11
4.433303321914129639e+11
4.435341339679379883e+11
4.437379356940446777e+11
4.439417373696442871e+11
4.441455389946422729e+11
4.443493405689498901e+11
4.445531420924744263e+11
4.447569435651271973e+11
4.449607449868135986e+11
4.451645463574429321e+11
4.453683476769245605e+11
4.455721489451617432e+11
4.457759501620639648e+11
4.459797513275385132e+11
4.461835524414926147e+11
4.463873535038318481e+11
4.465911545144634399e+11
4.467949554732908325e+11
4.469987563802232666e+11
4.472025572351622314e+11
4.474063580380170898e+11
4.476101587886891479e+11
4.478139594870858765e+11
4.480177601331085815e+11
4.482215607266627808e+11
4.484253612676536865e+11
4.486291617559808960e+11
4.488329621915516968e+11
4.490367625742695312e+11
4.492405629040337524e+11
4.494443631807518311e+11
4.496481634043231201e+11
4.498519635746491089e+11
4.500557636916351929e+11
4.502595637551768188e+11
4.504633637651754761e+11
4.506671637215325928e+11
4.508709636241456299e+11
4.510747634729120483e+11
4.512785632677293701e+11
4.514823630084990234e+11
4.516861626951185303e+11
4.518899623274833984e+11
4.520937619054949951e+11
4.522975614290508423e+11
4.525013608980484009e+11
4.527051603123872070e+11
4.529089596719666748e+11
4.531127589766823120e+11
4.533165582264335327e+11
4.535203574211199341e+11
4.537241565606408691e+11
4.539279556448898926e+11
4.541317546737664795e+11
4.543355536471660767e+11
4.545393525649863281e+11
4.547431514271206665e+11
4.549469502334666138e+11
4.551507489839157104e+11
4.553545476783654175e+11
4.555583463167073364e+11
4.557621448988370972e+11
4.559659434246461792e+11
4.561697418940241089e+11
4.563735403068625488e+11
4.565773386630531006e+11
4.567811369624813232e+11
4.569849352050388794e+11
4.571887333906153564e+11
4.573925315190963745e+11
4.575963295903754883e+11
4.578001276043422852e+11
4.580039255608864746e+11
4.582077234598994751e+11
4.584115213012631226e+11
4.586153190848668823e+11
4.588191168105946655e+11
4.590229144783280029e+11
4.592267120879505615e+11
4.594305096393501587e+11
4.596343071324122925e+11
4.598381045670246582e+11
4.600419019430827637e+11
4.602456992604761353e+11
4.604494965191043701e+11
4.606532937188629150e+11
4.608570908596472778e+11
4.610608879413569336e+11
4.612646849638853760e+11
4.614684819271301880e+11
4.616722788309848022e+11
4.618760756753448486e+11
4.620798724600998535e+11
4.622836691851413574e+11
4.624874658503591309e+11
4.626912624556426392e+11
4.628950590008755493e+11
4.630988554859455566e+11
4.633026519107402344e+11
4.635064482751413574e+11
4.637102445790346069e+11
4.639140408223035889e+11
4.641178370048300781e+11
4.643216331264977417e+11
4.645254291871882935e+11
4.647292251867833862e+11
4.649330211251629028e+11
4.651368170022085571e+11
4.653406128178038330e+11
4.655444085718228149e+11
4.657482042641509399e+11
4.659519998946641846e+11
4.661557954632422485e+11
4.663595909697647705e+11
4.665633864141096802e+11
4.667671817961546631e+11
4.669709771157755127e+11
4.671747723728519897e+11
4.673785675672599487e+11
4.675823626988731689e+11
4.677861577675694580e+11
4.679899527732265015e+11
4.681937477157142944e+11
4.683975425949105225e+11
4.686013374106910400e+11
4.688051321629237671e+11
4.690089268514884644e+11
4.692127214762549438e+11
4.694165160370951538e+11
4.696203105338809204e+11
4.698241049664860229e+11
4.700278993347785034e+11
4.702316936386320190e+11
4.704354878779166260e+11
4.706392820525001221e+11
4.708430761622524414e+11
4.710468702070454712e+11
4.712506641867431641e+11
4.714544581012173462e+11
4.716582519503339844e+11
4.718620457339610596e+11
4.720658394519643555e+11
4.722696331042119141e+11
4.724734266905657959e+11
4.726772202108977051e+11
4.728810136650678101e+11
4.730848070529419556e+11
4.732886003743841553e+11
4.734923936292583618e+11
4.736961868174285889e+11
4.738999799387568359e+11
4.741037729931050415e+11
4.743075659803372803e+11
4.745113589003115234e+11
4.747151517528917847e+11
4.749189445379380493e+11
4.751227372553104858e+11
4.753265299048670044e+11
4.755303224864696655e+11
4.757341149999765625e+11
4.759379074452456665e+11
4.761416998221351318e+11
4.763454921305048218e+11
4.765492843702091064e+11
4.767530765411058960e+11
4.769568686430493164e+11
4.771606606758994141e+11
4.773644526395103149e+11
4.775682445337341309e+11
4.777720363584270020e+11
4.779758281134468994e+11
4.781796197986441040e+11
4.783834114138707275e+11
4.785872029589827881e+11
4.787909944338285522e+11
4.789947858382602539e+11
4.791985771721259155e+11
4.794023684352777100e+11
4.796061596275640259e+11
4.798099507488368530e+11
4.800137417989463501e+11
4.802175327777446899e+11
4.804213236850781860e+11
4.806251145207968750e+11
4.808289052847510376e+11
4.810326959767809448e+11
4.812364865967348633e+11
4.814402771444530640e+11
4.816440676197816162e+11
4.818478580225611572e+11
4.820516483526376343e+11
4.822554386098515625e+11
4.824592287940491333e+11
4.826630189050745239e+11
4.828668089427719727e+11
4.830705989069859619e+11
4.832743887975585327e+11
4.834781786143300781e+11
4.836819683571409302e+11
4.838857580258275146e+11
4.840895476202261353e+11
4.842933371401731567e+11
4.844971265855031128e+11
4.847009159560521240e+11
4.849047052516529541e+11
4.851084944721436157e+11
4.853122836173568115e+11
4.855160726871326294e+11
4.857198616813056641e+11
4.859236505997141724e+11
4.861274394421945190e+11
4.863312282085831909e+11
4.865350168987163696e+11
4.867388055124246826e+11
4.869425940495443726e+11
4.871463825099060059e+11
4.873501708933399658e+11
4.875539591996728516e+11
4.877577474287350464e+11
4.879615355803551025e+11
4.881653236543555298e+11
4.883691116505649414e+11
4.885728995688076782e+11
4.887766874089104614e+11
4.889804751706997070e+11
4.891842628539960938e+11
4.893880504586279297e+11
4.895918379844218750e+11
4.897956254312025146e+11
4.899994127987922974e+11
4.902032000870177612e+11
4.904069872957036133e+11
4.906107744246741943e+11
4.908145614737503052e+11
4.910183484427543335e+11
4.912221353315069580e+11
4.914259221398287354e+11
4.916297088675404053e+11
4.918334955144604492e+11
4.920372820804057007e+11
4.922410685651965942e+11
4.924448549686458130e+11
4.926486412905741577e+11
4.928524275307982178e+11
4.930562136891306152e+11
4.932599997653900757e+11
4.934637857593872681e+11
4.936675716709428711e+11
4.938713574998635864e+11
4.940751432459662476e+11
4.942789289090615234e+11
4.944827144889620361e+11
4.946864999854766846e+11
4.948902853984180908e+11
4.950940707275932007e+11
4.952978559728125610e+11
4.955016411338850708e+11
4.957054262106195068e+11
4.959092112028245850e+11
4.961129961103091431e+11
4.963167809328799438e+11
4.965205656703438721e+11
4.967243503225076904e+11
4.969281348891800537e+11
4.971319193701619263e+11
4.973357037652601929e+11
4.975394880742756958e+11
4.977432722970112305e+11
4.979470564332677612e+11
4.981508404828441772e+11
4.983546244455394897e+11
4.985584083211504517e+11
4.987621921094780273e+11
4.989659758103153076e+11
4.991697594234592285e+11
4.993735429487066650e+11
4.995773263858526001e+11
4.997811097346900635e+11
4.999848929950159912e+11
5.001886761666115723e+11
5.003924592492540894e+11
5.005962422427363281e+11
5.008000251468535767e+11
5.010038079613946533e+11
5.012075906861526489e+11
5.014113733209207153e+11
5.016151558654836426e+11
5.018189383196367188e+11
5.020227206831648560e+11
5.022265029558571777e+11
5.024302851375028687e+11
5.026340672278848877e+11
5.028378492267924194e+11
5.030416311340104370e+11
5.032454129493202515e+11
5.034491946725070190e+11
5.036529763033497925e+11
5.038567578416318970e+11
5.040605392871323242e+11
5.042643206396304321e+11
5.044681018989034424e+11
5.046718830647304688e+11
5.048756641368849487e+11
5.050794451151458740e+11
5.052832259992847900e+11
5.054870067890768433e+11
5.056907874842953491e+11
5.058945680847095947e+11
5.060983485900948486e+11
5.063021290002185059e+11
5.065059093148521118e+11
5.067096895337645874e+11
5.069134696567216797e+11
5.071172496834926147e+11
5.073210296138427124e+11
5.075248094475375366e+11
5.077285891843424683e+11
5.079323688240168457e+11
5.081361483663281860e+11
5.083399278110358887e+11
5.085437071578995972e+11
5.087474864066825562e+11
5.089512655571403809e+11
5.091550446090345459e+11
5.093588235621187134e+11
5.095626024161502686e+11
5.097663811708887939e+11
5.099701598260877686e+11
5.101739383815048218e+11
5.103777168368934326e+11
5.105814951920052490e+11
5.107852734465840454e+11
5.109890516003773193e+11
5.111928296531309814e+11
5.113966076046022949e+11
5.116003854545431519e+11
5.118041632027108765e+11
5.120079408488551025e+11
5.122117183927236938e+11
5.124154958340561523e+11
5.126192731725924072e+11
5.128230504080662842e+11
5.130268275402195435e+11
5.132306045687841187e+11
5.134343814935016479e+11
5.136381583141080322e+11
5.138419350303390503e+11
5.140457116419306641e+11
5.142494881486166992e+11
5.144532645501308594e+11
5.146570408462032471e+11
5.148608170365616455e+11
5.150645931209401245e+11
5.152683690990606079e+11
5.154721449706530151e+11
5.156759207354393311e+11
5.158796963931455688e+11
5.160834719434918213e+11
5.162872473862040405e+11
5.164910227209983521e+11
5.166947979476007080e+11
5.168985730657253418e+11
5.171023480750981445e+11
5.173061229754312744e+11
5.175098977664488525e+11
5.177136724478668823e+11
5.179174470193995972e+11
5.181212214807610474e+11
5.183249958316674805e+11
5.185287700718289185e+11
5.187325442009577637e+11
5.189363182187620239e+11
5.191400921249520874e+11
5.193438659192380981e+11
5.195476396013223877e+11
5.197514131709151001e+11
5.199551866277186279e+11
5.201589599714352417e+11
5.203627332017672119e+11
5.205665063184169922e+11
5.207702793210809326e+11
5.209740522094574585e+11
5.211778249832427368e+11
5.213815976421295166e+11
5.215853701858141479e+11
5.217891426139850464e+11
5.219929149263366699e+11
5.221966871225536499e+11
5.224004592023284302e+11
5.226042311653475342e+11
5.228080030112956543e+11
5.230117747398610840e+11
5.232155463507207642e+11
5.234193178435650024e+11
5.236230892180685425e+11
5.238268604739141235e+11
5.240306316107803345e+11
5.242344026283417969e+11
5.244381735262752686e+11
5.246419443042555542e+11
5.248457149619553223e+11
5.250494854990453491e+11
5.252532559152004395e+11
5.254570262100892944e+11
5.256607963833826904e+11
5.258645664347474976e+11
5.260683363638486938e+11
5.262721061703528442e+11
5.264758758539210815e+11
5.266796454142142944e+11
5.268834148508875122e+11
5.270871841635995483e+11
5.272909533520036011e+11
5.274947224157545166e+11
5.276984913545073853e+11
5.279022601679154053e+11
5.281060288556293335e+11
5.283097974173004150e+11
5.285135658525776978e+11
5.287173341611123047e+11
5.289211023425512695e+11
5.291248703965378418e+11
5.293286383227171021e+11
5.295324061207302856e+11
5.297361737902186890e+11
5.299399413308193970e+11
5.301437087421677856e+11
5.303474760239031982e+11
5.305512431756588135e+11
5.307550101970620728e+11
5.309587770877482910e+11
5.311625438473449097e+11
5.313663104754793091e+11
5.315700769717748413e+11
5.317738433358610229e+11
5.319776095673573608e+11
5.321813756658852539e+11
5.323851416310682373e+11
5.325889074625219727e+11
5.327926731598658447e+11
5.329964387227115479e+11
5.332002041506785278e+11
5.334039694433746338e+11
5.336077346004133911e+11
5.338114996214023438e+11
5.340152645059514771e+11
5.342190292536662598e+11
5.344227938641505127e+11
5.346265583370079346e+11
5.348303226718403931e+11
5.350340868682477417e+11
5.352378509258276978e+11
5.354416148441760864e+11
5.356453786228869629e+11
5.358491422615560913e+11
5.360529057597714233e+11
5.362566691171229858e+11
5.364604323331987305e+11
5.366641954075866089e+11
5.368679583398648682e+11
5.370717211296212769e+11
5.372754837764340820e+11
5.374792462798794556e+11
5.376830086395374146e+11
5.378867708549821777e+11
5.380905329257879639e+11
5.382942948515229492e+11
5.384980566317575073e+11
5.387018182660636597e+11
5.389055797540018921e+11
5.391093410951424561e+11
5.393131022890438232e+11
5.395168633352681885e+11
5.397206242333740234e+11
5.399243849829158325e+11
5.401281455834500732e+11
5.403319060345251465e+11
5.405356663356936646e+11
5.407394264865001831e+11
5.409431864864913330e+11
5.411469463352118530e+11
5.413507060322020874e+11
5.415544655769990234e+11
5.417582249691412964e+11
5.419619842081576538e+11
5.421657432935789185e+11
5.423695022249340210e+11
5.425732610017478638e+11
5.427770196235432129e+11
5.429807780898411865e+11
5.431845364001567383e+11
5.433882945540089111e+11
5.435920525509086304e+11
5.437958103903673096e+11
5.439995680718917847e+11
5.442033255949912720e+11
5.444070829591632080e+11
5.446108401639105835e+11
5.448145972087308350e+11
5.450183540931173096e+11
5.452221108165633545e+11
5.454258673785584106e+11
5.456296237785897217e+11
5.458333800161429443e+11
5.460371360907036133e+11
5.462408920017470703e+11
5.464446477487531128e+11
5.466484033311972046e+11
5.468521587485510864e+11
5.470559140002864380e+11
5.472596690858688965e+11
5.474634240047623901e+11
5.476671787564247437e+11
5.478709333403236084e+11
5.480746877559148560e+11
5.482784420026525879e+11
5.484821960799886475e+11
5.486859499873690796e+11
5.488897037242419434e+11
5.490934572900532227e+11
5.492972106842449341e+11
5.495009639062593384e+11
5.497047169555306396e+11
5.499084698314927979e+11
5.501122225335783691e+11
5.503159750612135010e+11
5.505197274138226318e+11
5.507234795908320312e+11
5.509272315916621094e+11
5.511309834157293701e+11
5.513347350624500732e+11
5.515384865312371826e+11
5.517422378214989014e+11
5.519459889326439209e+11
5.521497398640750732e+11
5.523534906151928711e+11
5.525572411853979492e+11
5.527609915740832520e+11
5.529647417806456299e+11
5.531684918044697266e+11
5.533722416449484863e+11
5.535759913014591064e+11
5.537797407733881836e+11
5.539834900601112061e+11
5.541872391610028076e+11
5.543909880754362793e+11
5.545947368027807617e+11
5.547984853424014893e+11
5.550022336936636963e+11
5.552059818559266357e+11
5.554097298285455322e+11
5.556134776108760986e+11
5.558172252022674561e+11
5.560209726020690918e+11
5.562247198096225586e+11
5.564284668242735596e+11
5.566322136453554688e+11
5.568359602722041016e+11
5.570397067041551514e+11
5.572434529405302734e+11
5.574471989806593018e+11
5.576509448238621826e+11
5.578546904694586182e+11
5.580584359167607422e+11
5.582621811650823975e+11
5.584659262137297363e+11
5.586696710620108643e+11
5.588734157092255859e+11
5.590771601546705322e+11
5.592809043976418457e+11
5.594846484374276123e+11
5.596883922733182373e+11
5.598921359045963135e+11
5.600958793305421143e+11
5.602996225504322510e+11
5.605033655635389404e+11
5.607071083691312256e+11
5.609108509664755859e+11
5.611145933548348389e+11
5.613183355334635010e+11
5.615220775016186523e+11
5.617258192585509033e+11
5.619295608035074463e+11
5.621333021357290039e+11
5.623370432544569092e+11
5.625407841589221191e+11
5.627445248483598633e+11
5.629482653219971924e+11
5.631520055790554199e+11
5.633557456187559814e+11
5.635594854403122559e+11
5.637632250429376221e+11
5.639669644258376465e+11
5.641707035882177734e+11
5.643744425292736816e+11
5.645781812482011719e+11
5.647819197441918945e+11
5.649856580164296875e+11
5.651893960640983887e+11
5.653931338863740234e+11
5.655968714824324951e+11
5.658006088514399414e+11
5.660043459925622559e+11
5.662080829049599609e+11
5.664118195877869873e+11
5.666155560401979980e+11
5.668192922613350830e+11
5.670230282503447266e+11
5.672267640063616943e+11
5.674304995285202637e+11
5.676342348159453125e+11
5.678379698677655029e+11
5.680417046830954590e+11
5.682454392610502930e+11
5.684491736007387695e+11
5.686529077012658691e+11
5.688566415617308350e+11
5.690603751812247314e+11
5.692641085588426514e+11
5.694678416936619873e+11
5.696715745847681885e+11
5.698753072312344971e+11
5.700790396321265869e+11
5.702827717865119629e+11
5.704865036934501953e+11
5.706902353519891357e+11
5.708939667611827393e+11
5.710976979200705566e+11
5.713014288276888428e+11
5.715051594830734863e+11
5.717088898852468262e+11
5.719126200332308350e+11
5.721163499260418701e+11
5.723200795626903076e+11
5.725238089421785889e+11
5.727275380635073242e+11
5.729312669256671143e+11
5.731349955276484375e+11
5.733387238684283447e+11
5.735424519469837646e+11
5.737461797622854004e+11
5.739499073132924805e+11
5.741536345989678955e+11
5.743573616182590332e+11
5.745610883701134033e+11
5.747648148534680176e+11
5.749685410672565918e+11
5.751722670104046631e+11
5.753759926818339844e+11
5.755797180804561768e+11
5.757834432051811523e+11
5.759871680549049072e+11
5.761908926285234375e+11
5.763946169249249268e+11
5.765983409429855957e+11
5.768020646815839844e+11
5.770057881395861816e+11
5.772095113158508301e+11
5.774132342092329102e+11
5.776169568185767822e+11
5.778206791427213135e+11
5.780244011804958496e+11
5.782281229307270508e+11
5.784318443922261963e+11
5.786355655638088379e+11
5.788392864442739258e+11
5.790430070324113770e+11
5.792467273270084229e+11
5.794504473268413086e+11
5.796541670306854248e+11
5.798578864373048096e+11
5.800616055454536133e+11
5.802653243538780518e+11
5.804690428613201904e+11
5.806727610665047607e+11
5.808764789681561279e+11
5.810801965649810791e+11
5.812839138556864014e+11
5.814876308389729004e+11
5.816913475135316162e+11
5.818950638780418701e+11
5.820987799311787109e+11
5.823024956716015625e+11
5.825062110979638672e+11
5.827099262089077148e+11
5.829136410030666504e+11
5.831173554790686035e+11
5.833210696355375977e+11
5.835247834710837402e+11
5.837284969843074951e+11
5.839322101738010254e+11
5.841359230381413574e+11
5.843396355759028320e+11
5.844455659659967041e+11
5.846492780046019287e+11
5.848529897129813232e+11
5.850567010896800537e+11
5.852604121332274170e+11
5.854641228421467285e+11
5.856678332149478760e+11
5.858715432501285400e+11
5.860752529461766357e+11
5.862789623015722656e+11
5.864826713147835693e+11
5.866863799842709961e+11
5.868900883084830322e+11
5.870937962858563232e+11
5.872975039148197021e+11
5.875012111937843018e+11
5.877049181211550293e+11
5.879086246953294678e+11
5.881123309146909180e+11
5.883160367776147461e+11
5.885197422824552002e+11
5.887234474275600586e+11
5.889271522112655029e+11
5.891308566318958740e+11
5.893345606877615967e+11
5.895382643771634521e+11
5.897419676983883057e+11
5.899456706497130127e+11
5.901493732293969727e+11
5.903530754356835938e+11
5.905567772668105469e+11
5.907604787210073242e+11
5.909641797964860840e+11
5.911678804914371338e+11
5.913715808040466309e+11
5.915752807324812012e+11
5.917789802748956299e+11
5.919826794294328613e+11
5.921863781942200928e+11
5.923900765673767090e+11
5.925937745469923096e+11
5.927974721311546631e+11
5.930011693179396973e+11
5.932048661054096680e+11
5.934085624916066895e+11
5.936122584745596924e+11
5.938159540522752686e+11
5.940196492227586670e+11
5.942233439839930420e+11
5.944270383339478760e+11
5.946307322705788574e+11
5.948344257918237305e+11
5.950381188956088867e+11
5.952418115798443604e+11
5.954455038424210205e+11
5.956491956812133789e+11
5.958528870940849609e+11
5.960565780788843994e+11
5.962602686334396973e+11
5.964639587555642090e+11
5.966676484430502930e+11
5.968713376936759033e+11
5.970750265052056885e+11
5.972787148753842773e+11
5.974824028019387207e+11
5.976860902825802002e+11
5.978897773150021973e+11
5.980934638968784180e+11
5.982971500258709717e+11
5.985008356996158447e+11
5.987045209157397461e+11
5.989082056718453369e+11
5.991118899655236816e+11
5.993155737943420410e+11
5.995192571558518066e+11
5.997229400475928955e+11
5.999266224670753174e+11
6.001303044118012695e+11
6.003339858792475586e+11
6.005376668668789062e+11
6.007413473721323242e+11
6.009450273924354248e+11
6.011487069251916504e+11
6.013523859677832031e+11
6.015560645175780029e+11
6.017597425719168701e+11
6.019634201281225586e+11
6.021670971834942627e+11
6.023707737353155518e+11
6.025744497808361816e+11
6.027781253172902832e+11
6.029818003418864746e+11
6.031854748518055420e+11
6.033891488442087402e+11
6.035928223162218018e+11
6.037964952649506836e+11
6.040001676874737549e+11
6.042038395808438721e+11
6.044075109420783691e+11
6.046111817681647949e+11
6.048148520560573730e+11
6.050185218026887207e+11
6.052221910049578857e+11
6.054258596597281494e+11
6.056295277638139648e+11
6.058331953140294189e+11
6.060368623071494141e+11
6.062405287399033203e+11
6.064441946089772949e+11
6.066478599110338135e+11
6.068515246426839600e+11
6.070551888005290527e+11
6.072588523811390381e+11
6.074625153810322266e+11
6.076661777966820068e+11
6.078698396245356445e+11
6.080735008609975586e+11
6.082771615024305420e+11
6.084808215451834717e+11
6.086844809855618896e+11
6.088881398198203125e+11
6.090917980441774902e+11
6.092954556548248291e+11
6.094991126479082031e+11
6.097027690195419922e+11
6.099064247657971191e+11
6.101100798826994629e+11
6.103137343662388916e+11
6.105173882123863525e+11
6.107210414170644531e+11
6.109246939761514893e+11
6.111283458854935303e+11
6.113319971408994141e+11
6.115356477381325684e+11
6.117392976729130859e+11
6.119429469409257812e+11
6.121465955378096924e+11
6.123502434591728516e+11
6.125538907005832520e+11
6.127575372575778809e+11
6.129611831256461182e+11
6.131648283002341309e+11
6.133684727767406006e+11
6.135721165505109863e+11
6.137757596168457031e+11
6.139794019709956055e+11
6.141830436081818848e+11
6.143866845235845947e+11
6.145903247123502197e+11
6.147939641695897217e+11
6.149976028903922119e+11
6.152012408726365967e+11
6.154048781131726074e+11
6.156085146069022217e+11
6.158121503486878662e+11
6.160157853333389893e+11
6.162194195556392822e+11
6.164230530103427734e+11
6.166266856921840820e+11
6.168303175958658447e+11
6.170339487160535889e+11
6.172375790473536377e+11
6.174412085843090820e+11
6.176448373213803711e+11
6.178484652529528809e+11
6.180520923733452148e+11
6.182557186768304443e+11
6.184593441576540527e+11
6.186629688100554199e+11
6.188665926282864990e+11
6.190702156065744629e+11
6.192738377391453857e+11
6.194774590202054443e+11
6.196810794438601074e+11
6.198846990041043701e+11
6.200883176948349609e+11
6.202919355098439941e+11
6.204955524428662109e+11
6.206991684875893555e+11
6.209027836376773682e+11
6.211063978868393555e+11
6.213100112287987061e+11
6.215136236572114258e+11
6.217172351656347656e+11
6.219208457474844971e+11
6.221244553960518799e+11
6.223280641045002441e+11
6.225316718658979492e+11
6.227352786732153320e+11
6.229388845193137207e+11
6.231424893968457031e+11
6.233460932983695068e+11
6.235496962163208008e+11
6.237532981428554688e+11
6.239568990701469727e+11
6.241604989901442871e+11
6.243640978946936035e+11
6.245676957753673096e+11
6.247712926236273193e+11
6.249748884306376953e+11
6.251784831875885010e+11
6.253820768855610352e+11
6.255856695153686523e+11
6.257892610676927490e+11
6.259928515329481201e+11
6.261964409013331299e+11
6.264000291630341797e+11
6.266036163082219238e+11
6.268072023270040283e+11
6.270107872092888184e+11
6.272143709446456299e+11
6.274179535223621826e+11
6.276215349315776367e+11
6.278251151614852295e+11
6.280286942014687500e+11
6.282322720410662842e+11
6.284358486697680664e+11
6.286394240767808838e+11
6.288429982509387207e+11
6.290465711807760010e+11
6.292501428547641602e+11
6.294537132615299072e+11
6.296572823901302490e+11
6.298608502298251953e+11
6.300644167700832520e+11
6.302679820004503174e+11
6.304715459101901855e+11
6.306751084885667725e+11
6.308786697244947510e+11
6.310822296066208496e+11
6.312857881231326904e+11
6.314893452616082764e+11
6.316929010091608887e+11
6.318964553526708984e+11
6.321000082790578613e+11
6.323035597754586182e+11
6.325071098288956299e+11
6.327106584255590820e+11
6.329142055507543945e+11
6.331177511885662842e+11
6.333212953221691895e+11
6.335248379347016602e+11
6.337283790100042725e+11
6.339319185320258789e+11
6.341354564842915039e+11
6.343389928497073975e+11
6.345425276109666748e+11
6.347460607515469971e+11
6.349495922556456299e+11
6.351531221074405518e+11
6.353566502898649902e+11
6.355601767847153320e+11
6.357637015736872559e+11
6.359672246390065918e+11
6.361707459636130371e+11
6.363742655307318115e+11
6.365777833226777344e+11
6.367812993199969482e+11
6.369848135014302979e+11
6.371883258452231445e+11
6.373918363299268799e+11
6.375953449352519531e+11
6.377988516412794189e+11
6.380023564274318848e+11
6.382058592721560059e+11
6.384093601524144287e+11
6.386128590434521484e+11
6.388163559198598633e+11
6.390198507573994141e+11
6.392233435341094971e+11
6.394268342296197510e+11
6.396303228238316650e+11
6.398338092953973389e+11
6.400372936206184082e+11
6.402407757731374512e+11
6.404442557256823730e+11
6.406477334524731445e+11
6.408512089289658203e+11
6.410546821301575928e+11
6.412581530274531250e+11
6.414616215882418213e+11
6.416650877762381592e+11
6.418685515556298828e+11
6.420720128943623047e+11
6.422754717622413330e+11
6.424789281271196289e+11
6.426823819521361084e+11
6.428858331987303467e+11
6.430892818323123779e+11
6.432927278231159668e+11
6.434961711413989258e+11
6.436996117538466797e+11
6.439030496244320068e+11
6.441064847157142334e+11
6.443099169883779297e+11
6.445133464034270020e+11
6.447167729241856689e+11
6.449201965130831299e+11
6.451236171290198975e+11
6.453270347271014404e+11
6.455304492599847412e+11
6.457338606780893555e+11
6.459372689341787109e+11
6.461406739871967773e+11
6.463440757967829590e+11
6.465474743163851318e+11
6.467508694903410645e+11
6.469542612594968262e+11
6.471576495722022705e+11
6.473610343809545898e+11
6.475644156317930908e+11
6.477677932645191650e+11
6.479711672156579590e+11
6.481745374199761963e+11
6.483779038183321533e+11
6.485812663556529541e+11
6.487846249677166748e+11
6.489879795806926270e+11
6.491913301165217285e+11
6.493946765023076172e+11
6.495980186783035889e+11
6.498013565805635986e+11
6.500046901312589111e+11
6.502080192483442383e+11
6.504113438490644531e+11
6.506146638558532715e+11
6.508179791967471924e+11
6.510212897857597656e+11
6.512245955233634033e+11
6.514278963055573730e+11
6.516311920366541748e+11
6.518344826291578369e+11
6.520377679767764893e+11
6.522410479594841309e+11
6.524443224580609131e+11
6.526475913703333740e+11
6.528508545883049316e+11
6.530541119804266357e+11
6.532573634082138672e+11
6.534606087336182861e+11
6.536638478307801514e+11
6.538670805503843994e+11
6.540703067235932617e+11
6.542735261937813721e+11
6.544767388200064697e+11
6.546799444225463867e+11
6.548831427982651367e+11
6.550863337653037109e+11
6.552895171315224609e+11
6.554926926514970703e+11
6.556958600934904785e+11
6.558990192224613037e+11
6.561021697272927246e+11
6.563053113286896973e+11
6.565084436860550537e+11
6.567115664173310547e+11
6.569146791148675537e+11
6.571177812787076416e+11
6.573208723443554688e+11
6.575239516201602783e+11
6.577270182173395996e+11
6.579300709177966309e+11
6.580356522560460205e+11
6.582386798027275391e+11
6.584416829846772461e+11
6.586446729649246826e+11
6.588476843195870361e+11
6.590507027071131592e+11
6.592537224918748779e+11
6.594567414194638672e+11
6.596597581310964355e+11
6.598627716754226074e+11
6.600657814034484863e+11
6.602687867236580811e+11
6.604717872896088867e+11
6.606747826335056152e+11
6.608777721497958984e+11
6.610807559567552490e+11
6.612837330321640625e+11
6.614867037709748535e+11
6.616896670619852295e+11
6.618926233598927002e+11
6.620955717301730957e+11
6.622985123667795410e+11
6.625014449794739990e+11
6.627043689785405273e+11
6.629072849488887939e+11
6.631101920567149658e+11
6.633130903258452148e+11
6.635159799646754150e+11
6.637188604029885254e+11
6.639217317503621826e+11
6.641245938922014160e+11
6.643274464891136475e+11
6.645302895390839844e+11
6.647331229808750000e+11
6.649359464634252930e+11
6.651387598309813232e+11
6.653415630443692627e+11
6.655443558189245605e+11
6.657471378213653564e+11
6.659499088300483398e+11
6.661526686854366455e+11
6.663554170643541260e+11
6.665581536422230225e+11
6.667608781337415771e+11
6.669635903791109619e+11
6.671662901709957275e+11
6.673689771437718506e+11
6.675716510133757324e+11
6.677743116822431641e+11
6.679769588971015625e+11
6.681795923022686768e+11
6.683822116529763184e+11
6.685848165965212402e+11
6.687874067442077637e+11
6.689899817228811035e+11
6.691925411251240234e+11
6.693950843997567139e+11
6.695976110186337891e+11
6.698001205441873779e+11
6.700026122042526855e+11
6.702050853725109863e+11
6.704075394628615723e+11
6.706099739140966797e+11
6.708123876231914062e+11
6.710147802660881348e+11
6.712171508874134521e+11
6.714194987450231934e+11
6.716218231826666260e+11
6.718241233608249512e+11
6.720263984327873535e+11
6.722286476549451904e+11
6.724308701447043457e+11
6.726330650046343994e+11
6.728352313668697510e+11
6.730373683251616211e+11
6.732394749727054443e+11
6.734415504058627930e+11
6.736435936882346191e+11
6.738456038668461914e+11
6.740475800144597168e+11
6.742495211167015381e+11
6.744514262532158203e+11
6.746532944863220215e+11
6.748551245813436279e+11
6.750569154059626465e+11
6.752586661062769775e+11
6.754603757637954102e+11
6.756620431814991455e+11
6.758636668873422852e+11
6.760652453545374756e+11
6.762667775569456787e+11
6.764682653780146484e+11
6.766697032530664062e+11
6.768710919993728027e+11
6.770724307445516357e+11
6.772737153423173828e+11
6.774749423614948730e+11
6.776761112502027588e+11
6.778772226699437256e+11
6.780782770717916260e+11
6.782792726196575928e+11
6.784802075100379639e+11
6.786810783378861084e+11
6.788818825180753174e+11
6.790826178310731201e+11
6.792832821103499756e+11
6.794838731471569824e+11
6.796843886646907959e+11
6.797405191301539307e+11
6.799409342557576904e+11
6.801412679443457031e+11
6.803415173754979248e+11
6.805416796798973389e+11
6.807417519639158936e+11
6.809417312441818848e+11
6.811416144688041992e+11
6.813413985099179688e+11
6.815410800185531006e+11
6.817406554407559814e+11
6.819401208937471924e+11
6.821394721658519287e+11
6.823387047330070801e+11
6.825378138099042969e+11
6.827367943939941406e+11
6.829356413012248535e+11
6.831343491783323975e+11
6.833329124548939209e+11
6.835313252906076660e+11
6.837295814982297363e+11
6.839276744038748779e+11
6.841255967670325928e+11
6.843233407263441162e+11
6.845208976453189697e+11
6.847182581265393066e+11
6.849154119559920654e+11
6.851123480904627686e+11
6.853090546637169189e+11
6.855055189562603760e+11
6.857017273145021973e+11
6.858976650481623535e+11
6.860933163527633057e+11
6.862886643885733643e+11
6.864836913090513916e+11
6.866783782836343994e+11
6.868727053863596191e+11
6.870666514327634277e+11
6.872601939834536133e+11
6.874533091323111572e+11
6.876459709999248047e+11
6.878381545783333740e+11
6.880298348888029785e+11
6.882209829386228027e+11
6.884115661139194336e+11
6.886015501125554199e+11
6.887908990475288086e+11
6.889795742854151611e+11
6.890586069275563965e+11
6.892462515149102783e+11
6.894331120011968994e+11
6.896191350094898682e+11
6.898042628098610840e+11
6.899884330975322266e+11
6.901715788714309082e+11
6.903536273503773193e+11
6.905344987018258057e+11
6.907141046888500977e+11
6.908923481751413574e+11
6.910691227834138184e+11
6.912443134236959229e+11
6.914177961440181885e+11
6.915894381888469238e+11
6.917590983105477295e+11
6.919266265594560547e+11
6.920918640370332031e+11
6.922546452093441162e+11
6.924147999007652588e+11
6.925721553614327393e+11
6.927265334909365234e+11
6.928297135519826660e+11
6.929786578231351318e+11
6.931241053153825684e+11
6.932658712509742432e+11
6.934037845769523926e+11
6.935376875091326904e+11
6.936674382254580078e+11
6.937929100055852051e+11
6.939139866665163574e+11
6.940305677456135254e+11
6.941425738732453613e+11
6.942499497018432617e+11
6.943223389688093262e+11
6.944217751933515625e+11
6.945165300467502441e+11
6.946066175447940674e+11
6.946920682708665771e+11
6.947729219246524658e+11
6.948492368161461182e+11
6.949210757459484863e+11
6.949885198004079590e+11
