9.207162404397132250e-18
9.207163953228764013e-18
9.207168718654377020e-18
9.207176679227434791e-18
9.207187812429129332e-18
9.207202095754862932e-18
9.207219506706501300e-18
9.207240022801611867e-18
9.207263621577050638e-18
9.207290280590481365e-18
9.207319977420723754e-18
9.207352689668611662e-18
9.207388394958324299e-18
9.207427070935902489e-18
9.207468695271704620e-18
9.207513245658741095e-18
9.207560699814322933e-18
9.207611035479255956e-18
9.207664230418360023e-18
9.207720262421875727e-18
9.207779109303663264e-18
9.207840748901353430e-18
9.207905159080345849e-18
9.207972317727952603e-18
9.208042202758213064e-18
9.208114792110840016e-18
9.208190063749991689e-18
9.208267995666955733e-18
9.208348565357237665e-18
9.208431749547958586e-18
9.208517526014621872e-18
9.208605872589544294e-18
9.208696767125300320e-18
9.208794139092361284e-18
9.208895385472086257e-18
9.208999725291832402e-18
9.209107161701487418e-18
9.209217694207618809e-18
9.209331325014538136e-18
9.209448057060726079e-18
9.209567893233162410e-18
9.209690836358183219e-18
9.209816889205862789e-18
9.209946054494412421e-18
9.210078334883042168e-18
9.210213732972128773e-18
9.210352251309689880e-18
9.210493892387502894e-18
9.210638658636969629e-18
9.210786552433188494e-18
9.210937576098202377e-18
9.211091731895490489e-18
9.211249022028667978e-18
9.211409448645638228e-18
9.211573013839680630e-18
9.211739719646033207e-18
9.211909568039965147e-18
9.212082560939522409e-18
9.212258700207854242e-18
9.212437987651083881e-18
9.212620425015456631e-18
9.212806013988190351e-18
9.212994756200359734e-18
9.213186653227219858e-18
9.213381706585457505e-18
9.213579917731457815e-18
9.213781288063234847e-18
9.213985818922882898e-18
9.214193511595625863e-18
9.214404367307087041e-18
9.214618387222839234e-18
9.214835572450515568e-18
9.215055924041193080e-18
9.215279442988186318e-18
9.215506130225175332e-18
9.215735986626097829e-18
9.215969013006606709e-18
9.216205210125048444e-18
9.216444578681751251e-18
9.216687119317720082e-18
9.216932832614175942e-18
9.217181719093427951e-18
9.217433779219823982e-18
9.217689013399739874e-18
9.217947421980707375e-18
9.218209005250562108e-18
9.218473763437452816e-18
9.218741696710656415e-18
9.219012805181295981e-18
9.219287088902299151e-18
9.219564547867482918e-18
9.219845182010827946e-18
9.220128991206586416e-18
9.220415975269910654e-18
9.220706133957524893e-18
9.220999466967774577e-18
9.221295973939709620e-18
9.221595654453136790e-18
9.221898508028783028e-18
9.222204534128206084e-18
9.222513732153344621e-18
9.222826101446641475e-18
9.223141641291516662e-18
9.223460350911854311e-18
9.223782229472350871e-18
9.224107276078824802e-18
9.224435489778087153e-18
9.224766869558194242e-18
9.225101414347983893e-18
9.225439123016394428e-18
9.225779994373279719e-18
9.226124027169920716e-18
9.226471220099025447e-18
9.226821571794536425e-18
9.227175080831065194e-18
9.227531745723924685e-18
9.227891564928947412e-18
9.228254536841822943e-18
9.228620659797965407e-18
9.228989932073009605e-18
9.229362351883647640e-18
9.229737917388413149e-18
9.230116626688570319e-18
9.230498477827553054e-18
9.230883468791123669e-18
9.231271597506097157e-18
9.231662861837797419e-18
9.232057259590832260e-18
9.232454788510769717e-18
9.232855446284649586e-18
9.233259230541453349e-18
9.233666138852167346e-18
9.234076168729208075e-18
9.234489317626724180e-18
9.234905582941419207e-18
9.235324962011946092e-18
9.235747452116955038e-18
9.236173050475169013e-18
9.236601754246315897e-18
9.237033560531564516e-18
9.237468466374082390e-18
9.237906468759451733e-18
9.238347564615785009e-18
9.238791750813743423e-18
9.239239024165949894e-18
9.239689381426411279e-18
9.240142819290421304e-18
9.240599334394555946e-18
9.241058923316457722e-18
9.241521582575219340e-18
9.241987308632546958e-18
9.242456097893207000e-18
9.242927946704899816e-18
9.243402851357868332e-18
9.243880808084879562e-18
9.244361813061803928e-18
9.244845861682775344e-18
9.245332794522696488e-18
9.245822488981908415e-18
9.246314939649282916e-18
9.246810141081658174e-18
9.247308087803596869e-18
9.247808774307037967e-18
9.248312195052216547e-18
9.248818344467682286e-18
9.249327216951499705e-18
9.249838806869394648e-18
9.250353108553897629e-18
9.250870116305927721e-18
9.251389824394803337e-18
9.251912227058197550e-18
9.252437318501316877e-18
9.252965092896514551e-18
9.253495544382774372e-18
9.254028667065744605e-18
9.254564455018748706e-18
9.255102902283849978e-18
9.255644002871389344e-18
9.256187750759624818e-18
9.256734139895016540e-18
9.257283164192158984e-18
9.257834817533898051e-18
9.258389093771589921e-18
9.258945986724928484e-18
9.259505490181030138e-18
9.260067597893922267e-18
9.260632303584435385e-18
9.261199600940988914e-18
9.261769483620625027e-18
9.262341945249452381e-18
9.262916979422827923e-18
9.263494579705125782e-18
9.264074739629373648e-18
9.264657452697151089e-18
9.265242712378495562e-18
9.265830512111828457e-18
9.266420845303959721e-18
9.267013705330046258e-18
9.267609085533522592e-18
9.268206979226102415e-18
9.268807379688049749e-18
9.269410280168434715e-18
9.270015673885376971e-18
9.270623554026107340e-18
9.271233913746875363e-18
9.271846737923561187e-18
9.272462010890142201e-18
9.273079725362252152e-18
9.273699874023891777e-18
9.274322449527510455e-18
9.274947444493784345e-18
9.275574851511443820e-18
9.276204663137099365e-18
9.276836871895287797e-18
9.277471470278581659e-18
9.278108450747820332e-18
9.278747805732227130e-18
9.279389527629515613e-18
9.280033608805900372e-18
9.280680041596280376e-18
9.281328818304282116e-18
9.281979931202470682e-18
9.282633372532694895e-18
9.283289134506127363e-18
9.283947209303071887e-18
9.284607589073018934e-18
9.285270265934835139e-18
9.285935231976650839e-18
9.286602479255393224e-18
9.287271999797156116e-18
9.287943785597720740e-18
9.288617828622255279e-18
9.289294120804991319e-18
9.289972654049649092e-18
9.290653420229704028e-18
9.291336411188195700e-18
9.292021625097627673e-18
9.292709064555612596e-18
9.293398721748672714e-18
9.294090891439361422e-18
9.294837001613790312e-18
9.295586414559850954e-18
9.296339130726169468e-18
9.297095150543721213e-18
9.297854474425533422e-18
9.298617102766682118e-18
9.299383035943987050e-18
9.300152274315729737e-18
9.300924818221448547e-18
9.301700667981997244e-18
9.302479823899652845e-18
9.303262286258033957e-18
9.304048055322020658e-18
9.304837131337671299e-18
9.305629514532080753e-18
9.306425205113195529e-18
9.307224203269667397e-18
9.308026509170821037e-18
9.308832122966586244e-18
9.309641044787252947e-18
9.310453274743377231e-18
9.311268812925651907e-18
9.312087659404750898e-18
9.312909814231122786e-18
9.313735277434829025e-18
9.314564049025357517e-18
9.315396128991497808e-18
9.316231517301123847e-18
9.317070213901096915e-18
9.317912218717264086e-18
9.318757531654375030e-18
9.319606152595998806e-18
9.320458081404445290e-18
9.321313317920655781e-18
9.322171861964130582e-18
9.323033713332921303e-18
9.323898871803584632e-18
9.324767337130941984e-18
9.325639109047769809e-18
9.326514187264660925e-18
9.327392571470109260e-18
9.328274261330452843e-18
9.329159256489591851e-18
9.330047556568703567e-18
9.330939161165966589e-18
9.331834069856545424e-18
9.332732282192439492e-18
9.333633797702375277e-18
9.334538615891636843e-18
9.335446736242047346e-18
9.336358158212076885e-18
9.337272881236845586e-18
9.338190904728118976e-18
9.339112228074009083e-18
9.340036850619428555e-18
9.340964771645731270e-18
9.341895990405554721e-18
9.342830506127764261e-18
9.343768318017340631e-18
9.344709425255138064e-18
9.345653826997532992e-18
9.346601522376282299e-18
9.347552510498547974e-18
9.348506790446952577e-18
9.349464361279488336e-18
9.350425222029412374e-18
9.351389371705003273e-18
9.352356809289588809e-18
9.353327533741481238e-18
9.354301543993887934e-18
9.355278838954822025e-18
9.356259417506899018e-18
9.357243278507154987e-18
9.358230420786963375e-18
9.359220843152013423e-18
9.360214544382350231e-18
9.361211523232260739e-18
9.362211778430111955e-18
9.363215308678199955e-18
9.364222112652728319e-18
9.365232189003889784e-18
9.366245536355773808e-18
9.367262153306177048e-18
9.368282038426446213e-18
9.369305190261373288e-18
9.370331607329115420e-18
9.371361288121107090e-18
9.372394231101867523e-18
9.373430434708894379e-18
9.374469897352525081e-18
9.375512617415909085e-18
9.376558593254913894e-18
9.377607823198060346e-18
9.378660305546436334e-18
9.379716038573610522e-18
9.380775020525590747e-18
9.381837249620777794e-18
9.382902724050000838e-18
9.383971441976531306e-18
9.385043401536008921e-18
9.386118600836241410e-18
9.387197037956978012e-18
9.388278710949752319e-18
9.389363617837860711e-18
9.390451756616333079e-18
9.391543125251837298e-18
9.392637721682569838e-18
9.393735543818087817e-18
9.394836589539210400e-18
9.395940856697935593e-18
9.397048343117458736e-18
9.398159046592172501e-18
9.399272964887739308e-18
9.400390095741011204e-18
9.401510436859934342e-18
9.402633985923393358e-18
9.403760740580974106e-18
9.404890698452894315e-18
9.406023857129941966e-18
9.407160214173435230e-18
9.408299767115224009e-18
9.409442513457600574e-18
9.410588450673214820e-18
9.411737576205011103e-18
9.412889887466165060e-18
9.414045381839961900e-18
9.415204056679733226e-18
9.416365909308727616e-18
9.417530937020135273e-18
9.418699137077018696e-18
9.419870506712255664e-18
9.421045043128494565e-18
9.422222743498054239e-18
9.423403604962809967e-18
9.424587624634193469e-18
9.425774799593112790e-18
9.426965126889906070e-18
9.428158603544281461e-18
9.429355226545249333e-18
9.430554992851003635e-18
9.431757899388861809e-18
9.432963943055210859e-18
9.434173120715501194e-18
9.435385429204228135e-18
9.436600865324857961e-18
9.437819425849784766e-18
9.439041107520185632e-18
9.440265907045994436e-18
9.441493821105781670e-18
9.442724846346712841e-18
9.443958979384466815e-18
9.445196216803234270e-18
9.446436555155700757e-18
9.447679990962975814e-18
9.448926520714565245e-18
9.450176140868294073e-18
9.451428847850186366e-18
9.452684638054460616e-18
9.453943507843452701e-18
9.455205453547637451e-18
9.456470471465557781e-18
9.457738557863780006e-18
9.459009708976836830e-18
9.460283921007153398e-18
9.461561190124981037e-18
9.462841512468318682e-18
9.464124884142912873e-18
9.465411301222162233e-18
9.466700759747112842e-18
9.467993255726441290e-18
9.469288785136425406e-18
9.470587343920933465e-18
9.471888927991377974e-18
9.473193533226666365e-18
9.474501155473168637e-18
9.475811790544654189e-18
9.477125434222253299e-18
9.478442082254417068e-18
9.479761730356906630e-18
9.481084374212720741e-18
9.482410009472078829e-18
9.483738631752371690e-18
9.485070236638056718e-18
9.486404819680670232e-18
9.487742376398759681e-18
9.489082902277880564e-18
9.490426392770525556e-18
9.491772843296081366e-18
9.493122249240760945e-18
9.494474605957586538e-18
9.495829908766374276e-18
9.497188152953752665e-18
9.498549333773128691e-18
9.499913446444700142e-18
9.501280486155417096e-18
9.502650447772992104e-18
9.504023307530802537e-18
9.505399048925405252e-18
9.506777666717392576e-18
9.508159155633358779e-18
9.509543510365853854e-18
9.510930725573422034e-18
9.512320795880546325e-18
9.513713715877671618e-18
9.515109480121178496e-18
9.516508083133352417e-18
9.517909519402397586e-18
9.519313783382342964e-18
9.520720869493102360e-18
9.522130772120438993e-18
9.523543485615940841e-18
9.524959004297074565e-18
9.526377322447145453e-18
9.527798434315298957e-18
9.529222334116516074e-18
9.530649016031624128e-18
9.532078474207247469e-18
9.533510702755859858e-18
9.534945695755819901e-18
9.536383447251378757e-18
9.537823952517683309e-18
9.539267223792480690e-18
9.540713261159528824e-18
9.542162058727813227e-18
9.543613610572207342e-18
9.545067910733489492e-18
9.546524953218359823e-18
9.547984731999431063e-18
9.549447241015183839e-18
9.550912474169917372e-18
9.552380425333734073e-18
9.553851088342491777e-18
9.555324456997829934e-18
9.556800525067206594e-18
9.558279286283870666e-18
9.559760734346911225e-18
9.561244862921263676e-18
9.562731665637691261e-18
9.564221136092805095e-18
9.565713267849061079e-18
9.567208054434739872e-18
9.568705489343996197e-18
9.570205566036814156e-18
9.571708277939047290e-18
9.573213618442397013e-18
9.574721580904409523e-18
9.576232158648509704e-18
9.577745344964008830e-18
9.579261133106096856e-18
9.580779516295870156e-18
9.582300487720334605e-18
9.583824040532427146e-18
9.585350167850989598e-18
9.586878862760824126e-18
9.588410118312677829e-18
9.589943927523285887e-18
9.591480283375394664e-18
9.593019178817806396e-18
9.594560606765323722e-18
9.596104560098828262e-18
9.597651031665237477e-18
9.599200014277546267e-18
9.600751500714826972e-18
9.602305483722295627e-18
9.603861956011342772e-18
9.605420864853442387e-18
9.606981798287007092e-18
9.608544655052148570e-18
9.610202565400874880e-18
9.611879009020122082e-18
9.613559346107000813e-18
9.615243574413551776e-18
9.616931691673637977e-18
9.618623695602907745e-18
9.620319583898805520e-18
9.622019354240556445e-18
9.623723004289221833e-18
9.625430531687663729e-18
9.627141934060557234e-18
9.628857209014335045e-18
9.630576354137172041e-18
9.632299366998923653e-18
9.634026245151124329e-18
9.635756986126965960e-18
9.637491587441270144e-18
9.639230046590508222e-18
9.640972361052733479e-18
9.642718528287598097e-18
9.644468545736340824e-18
9.646222410821746922e-18
9.647980120948175893e-18
9.649741673501515260e-18
9.651507065849186731e-18
9.653276295340110758e-18
9.655049359304686513e-18
9.656826255054771854e-18
9.658606979883640184e-18
9.660391531065985077e-18
9.662179905857886378e-18
9.663972101496804041e-18
9.665768115201542693e-18
9.667567944172274744e-18
9.669371585590474135e-18
9.671179036618945613e-18
9.672990294401790835e-18
9.674805356064396038e-18
9.676624218713478269e-18
9.678446879436991391e-18
9.680273335304163067e-18
9.682103583365448536e-18
9.683937620652490553e-18
9.685775444178099358e-18
9.687617050936265006e-18
9.689462437902141955e-18
9.691311602032013632e-18
9.693164540263269322e-18
9.695021249514407247e-18
9.696881726684982182e-18
9.698745968655571560e-18
9.700613972287778549e-18
9.702485734424184297e-18
9.704361251888341760e-18
9.706240521484761841e-18
9.708123539998930337e-18
9.710010304197269419e-18
9.711900810827117605e-18
9.713795056616714349e-18
9.715693038275130711e-18
9.717594752492235459e-18
9.719500195938707393e-18
9.721409365265956772e-18
9.723322257106143798e-18
9.725238868072158589e-18
9.727159194757610393e-18
9.729083233736819885e-18
9.731010981564777565e-18
9.732942434777176116e-18
9.734877589890331826e-18
9.736816443401164555e-18
9.738758991787179250e-18
9.740705231506395068e-18
9.742655158997353083e-18
9.744608770679051571e-18
9.746566062950958338e-18
9.748527032192975282e-18
9.750491674765430690e-18
9.752459987009049965e-18
9.754431965244954083e-18
9.756407605774644185e-18
9.758386904879990795e-18
9.760369858823201463e-18
9.762356463846828467e-18
9.764346716173738000e-18
9.766340612007051622e-18
9.768338147530155502e-18
9.770339318906709666e-18
9.772344122280572496e-18
9.774352553775802278e-18
9.776364609496577073e-18
9.778380285527205513e-18
9.780399577932066705e-18
9.782422482755594823e-18
9.784448996022274493e-18
9.786479113736634621e-18
9.788512831883211423e-18
9.790550146426525308e-18
9.792591053311067013e-18
9.794635548461280658e-18
9.796683627781525223e-18
9.798735287156056061e-18
9.800790522448969432e-18
9.802849329504204041e-18
9.804911704145487116e-18
9.806977642176328240e-18
9.809047139379982380e-18
9.811120191519462205e-18
9.813196794337471841e-18
9.815276943556417650e-18
9.817360634878365095e-18
9.819447863985018706e-18
9.821538626537706675e-18
9.823632918177348500e-18
9.825730734524399516e-18
9.827832071178886336e-18
9.829936923720320566e-18
9.832045287707726540e-18
9.834157158679575067e-18
9.836272532153774188e-18
9.838391403627644523e-18
9.840513768577902323e-18
9.842639622460628655e-18
9.844768960711241669e-18
9.846901778744476569e-18
9.849038071954357877e-18
9.851177835714179407e-18
9.853321065376458039e-18
9.855467756272902906e-18
9.857617903714416937e-18
9.859771502991007489e-18
9.861928549371817165e-18
9.864089038105089917e-18
9.866252964418143313e-18
9.868420323517336181e-18
9.870591110588076311e-18
9.872765320794798889e-18
9.874942949280912567e-18
9.877123991168854930e-18
9.879308441559978483e-18
9.881496295534618443e-18
9.883687548152000293e-18
9.885882194450255192e-18
9.888080229446361424e-18
9.890281648136122829e-18
9.892486445494141070e-18
9.894694616473777113e-18
9.896906156007121955e-18
9.899121059004944235e-18
9.901339320356731840e-18
9.903560934930616402e-18
9.905785897573353272e-18
9.908014203110330765e-18
9.910245846345550129e-18
9.912480822061562372e-18
9.914719125019496003e-18
9.916960749958981525e-18
9.919205691598177637e-18
9.921453944633692651e-18
9.923705503740601443e-18
9.925960362297028387e-18
9.928218482157089804e-18
9.930479843345916994e-18
9.932744440147571749e-18
9.935012266825248024e-18
9.937283317621259614e-18
9.939557586757035529e-18
9.941835068433150809e-18
9.944115758427957770e-18
9.946399679410964574e-18
9.948686836183593148e-18
9.950977223059646265e-18
9.953270834330843216e-18
9.955567664266856784e-18
9.957867707115246997e-18
9.960170957101459584e-18
9.962477408428807487e-18
9.964787055278446210e-18
9.967099891809352246e-18
9.969415912158324621e-18
9.971735110439938671e-18
9.974057480746529090e-18
9.976383017148182233e-18
9.978711713692680643e-18
9.981043564405492268e-18
9.983378563289765841e-18
9.985716704326273869e-18
9.988057981473434206e-18
9.990402388667233013e-18
9.992749919821278689e-18
9.995100568826754101e-18
9.997454329552416591e-18
9.999811195844571777e-18
9.999999879123583766e-18
1.000236009248985769e-17
1.000472339855105671e-17
1.000708979108430397e-17
1.000945926384423389e-17
1.001183181056295062e-17
1.001420742495001105e-17
1.001658610069242636e-17
1.001896783145457112e-17
1.002135261087826341e-17
1.002374043258263541e-17
1.002613129016418729e-17
1.002852517719673640e-17
1.003092208723141571e-17
1.003332201379664302e-17
1.003572495039813785e-17
1.003813089051887069e-17
1.004053982761906752e-17
1.004295175513621296e-17
1.004536666648501328e-17
1.004778455505737327e-17
1.005020541422242705e-17
1.005262923732645799e-17
1.005505601769292796e-17
1.005748574862244649e-17
1.005991842339277083e-17
1.006235403525874580e-17
1.006479257745232541e-17
1.006723404318254815e-17
1.006967842563552474e-17
1.007212571797439955e-17
1.007457591333936139e-17
1.007702900484762970e-17
1.007948498559342674e-17
1.008194384864796070e-17
1.008440558705943952e-17
1.008687019385304166e-17
1.008933766203089297e-17
1.009180798457208670e-17
1.009428115443263270e-17
1.009675716454546508e-17
1.009923600782043143e-17
1.010171767714428209e-17
1.010420216538063770e-17
1.010668946537000779e-17
1.010917956992974446e-17
1.011167247185404402e-17
1.011416816391392840e-17
1.011666663885724832e-17
1.011916788940863701e-17
1.012167190826951640e-17
1.012417868811808940e-17
1.012668822160932605e-17
1.012920050137495273e-17
1.013171552002342286e-17
1.013423327013993853e-17
1.013675374428645197e-17
1.013927693500159627e-17
1.014180283480075777e-17
1.014433143617600519e-17
1.014691399862699107e-17
1.014963065448537825e-17
1.015235200763197689e-17
1.015507805750752005e-17
1.015780880352183192e-17
1.016054424505376311e-17
1.016328438145112286e-17
1.016602921203063284e-17
1.016877873607786856e-17
1.017153295284717620e-17
1.017429186156164795e-17
1.017705546141301876e-17
1.017982375156166177e-17
1.018259673113648502e-17
1.018537439923488064e-17
1.018815675492268942e-17
1.019094379723411448e-17
1.019373552517170131e-17
1.019653193770625913e-17
1.019933303377679622e-17
1.020213881229049834e-17
1.020494927212264703e-17
1.020776441211658118e-17
1.021058423108363221e-17
1.021340872780305021e-17
1.021623790102200850e-17
1.021907174945548656e-17
1.022191027178623306e-17
1.022475346666471498e-17
1.022760133270905603e-17
1.023045386850497496e-17
1.023331107260572398e-17
1.023617294353205332e-17
1.023903947977212492e-17
1.024191067978149704e-17
1.024478654198302102e-17
1.024766706476683204e-17
1.025055224649023976e-17
1.025344208547772210e-17
1.025633658002083436e-17
1.025923572837817381e-17
1.026213952877532262e-17
1.026504797940478324e-17
1.026796107842594595e-17
1.027087882396501957e-17
1.027380121411499143e-17
1.027672824693556106e-17
1.027965992045309553e-17
1.028259623266056323e-17
1.028553718151748452e-17
1.028848276494988091e-17
1.029143298085021958e-17
1.029438782707738105e-17
1.029734730145654514e-17
1.030031140177919405e-17
1.030328012580302456e-17
1.030625347125192488e-17
1.030923143581590384e-17
1.031221401715104153e-17
1.031520121287944769e-17
1.031819302058918629e-17
1.032118943783424155e-17
1.032419046213448717e-17
1.032719609097557384e-17
1.033020632180894158e-17
1.033322115205172729e-17
1.033624057908672004e-17
1.033926460026232414e-17
1.034229321289249904e-17
1.034532641425668224e-17
1.034836420159978629e-17
1.035140657213211090e-17
1.035445352302930446e-17
1.035750505143230702e-17
1.036056115444731023e-17
1.036362182914569726e-17
1.036668707256400426e-17
1.036975688170384489e-17
1.037283125353187332e-17
1.037591018497976268e-17
1.037899367294410181e-17
1.038208171428636445e-17
1.038517430583289694e-17
1.038827144437481186e-17
1.039137312666797884e-17
1.039447934943294439e-17
1.039759010935492886e-17
1.040070540308372626e-17
1.040382522723369197e-17
1.040694957838368567e-17
1.041007845307701905e-17
1.041321184782142027e-17
1.041634975908898319e-17
1.041949218331609493e-17
1.042263911690343585e-17
1.042579055621588714e-17
1.042894649758251539e-17
1.043210693729650482e-17
1.043527187161510793e-17
1.043844129675960550e-17
1.044161520891526493e-17
1.044479360423128022e-17
1.044797647882075034e-17
1.045116382876061607e-17
1.045435565009161072e-17
1.045755193881822161e-17
1.046075269090863919e-17
1.046395790229471857e-17
1.046716756887191784e-17
1.047038168649925959e-17
1.047360025099929701e-17
1.047682325815804453e-17
1.048005070372495473e-17
1.048328257811465271e-17
1.048651883892663827e-17
1.048975950637464165e-17
1.049300458776339310e-17
1.049625407856058474e-17
1.049950797419686304e-17
1.050276627006578722e-17
1.050602896152377377e-17
1.050929604389009649e-17
1.051256751244681404e-17
1.051584336243874838e-17
1.051912358907344625e-17
1.052240818752112524e-17
1.052569715291466302e-17
1.052899048034954495e-17
1.053228816488380859e-17
1.053559020153803758e-17
1.053889658529531690e-17
1.054220731110117438e-17
1.054552237386358838e-17
1.054884176845289996e-17
1.055216548970182828e-17
1.055549353240539669e-17
1.055882589132090802e-17
1.056216256116791997e-17
1.056550353662819115e-17
1.056884881234565338e-17
1.057219838292639627e-17
1.057555224293858402e-17
1.057891038691248466e-17
1.058227280934039618e-17
1.058563950467663256e-17
1.058901046733749764e-17
1.059238569170122196e-17
1.059576517210797196e-17
1.059914890285976987e-17
1.060253687822050916e-17
1.060592909241587282e-17
1.060932553963334420e-17
1.061272621402214688e-17
1.061613110969322775e-17
1.061954022071919843e-17
1.062295354113435533e-17
1.062637106493461957e-17
1.062979278607748916e-17
1.063321869848205448e-17
1.063664879602894584e-17
1.064008307256031038e-17
1.064352152187977666e-17
1.064696413775243153e-17
1.065041091390481241e-17
1.065386184402484106e-17
1.065731692174454877e-17
1.066077613879409712e-17
1.066423948338130364e-17
1.066770694332391416e-17
1.067117850643666855e-17
1.067465416053141468e-17
1.067813389341714849e-17
1.068161769290007874e-17
1.068510554678368706e-17
1.068859744286878498e-17
1.069209336895358325e-17
1.069559331283373035e-17
1.069909726230238494e-17
1.070260520515025434e-17
1.070611712916567930e-17
1.070963302213464783e-17
1.071315287184088153e-17
1.071667666606586022e-17
1.072020439258889587e-17
1.072373603918715883e-17
1.072727159363575024e-17
1.073081104370771741e-17
1.073435437717412472e-17
1.073790158180409522e-17
1.074145264536485220e-17
1.074500755562177163e-17
1.074856630033841139e-17
1.075212886727656981e-17
1.075569524419630420e-17
1.075926541885599092e-17
1.076283937901234694e-17
1.076641711242048531e-17
1.076999860683394293e-17
1.077358385000469280e-17
1.077717282968321959e-17
1.078076553361853348e-17
1.078436194955819170e-17
1.078796206524835561e-17
1.079156586843379678e-17
1.079517334685795098e-17
1.079878448826292121e-17
1.080239928038954093e-17
1.080601771097736630e-17
1.080963976776532641e-17
1.081326543849378168e-17
1.081689471090541292e-17
1.082052757274512267e-17
1.082416401175999980e-17
1.082780401569929330e-17
1.083144757231430595e-17
1.083509466935836819e-17
1.083874529458676254e-17
1.084239943575670057e-17
1.084605708062721806e-17
1.084971821695913345e-17
1.085338283251499697e-17
1.085705091505901206e-17
1.086072245235699225e-17
1.086439743217625484e-17
1.086807584228559776e-17
1.087175767045519330e-17
1.087544290445658041e-17
1.087913153206250595e-17
1.088282354104692319e-17
1.088651891918491015e-17
1.089021765425258948e-17
1.089391973402704833e-17
1.089762514628628905e-17
1.090143662597452407e-17
1.090539344380228390e-17
1.090935637549595259e-17
1.091332541943589544e-17
1.091730057393557409e-17
1.092128183724172358e-17
1.092526920753449266e-17
1.092926268292764249e-17
1.093326226146870535e-17
1.093726794113913564e-17
1.094127971985449013e-17
1.094529759546459592e-17
1.094932156575371067e-17
1.095335162844068129e-17
1.095738778117915196e-17
1.096143002155766425e-17
1.096547834709989288e-17
1.096953275526475663e-17
1.097359324344663561e-17
1.097765980897550065e-17
1.098173244911708592e-17
1.098581116107307682e-17
1.098989594198124872e-17
1.099398678891565027e-17
1.099808369888677135e-17
1.100218666884169869e-17
1.100629569566428688e-17
1.101041077617532324e-17
1.101453190713269114e-17
1.101865908523154411e-17
1.102279230710448608e-17
1.102693156932167770e-17
1.103107686839107213e-17
1.103522820075852895e-17
1.103938556280803612e-17
1.104354895086187326e-17
1.104771836118083659e-17
1.105189378996442692e-17
1.105607523335106536e-17
1.106026268741826740e-17
1.106445614818284320e-17
1.106865561160110564e-17
1.107286107356907673e-17
1.107707252992264788e-17
1.108128997643778632e-17
1.108551340883071542e-17
1.108974282275813960e-17
1.109397821381739225e-17
1.109821957754665913e-17
1.110246690942513864e-17
1.110672020487323438e-17
1.111097945925275546e-17
1.111524466786710138e-17
1.111951582596142536e-17
1.112379292872283771e-17
1.112807597128057225e-17
1.113236494870619118e-17
1.113665985601372691e-17
1.114096068815989612e-17
1.114526744004425547e-17
1.114958010650938797e-17
1.115389868234106788e-17
1.115822316226843938e-17
1.116255354096416611e-17
1.116688981304467142e-17
1.117123197307021703e-17
1.117558001990556739e-17
1.117993398990062876e-17
1.118429388788821108e-17
1.118865967389395279e-17
1.119303131515443596e-17
1.119740880579079179e-17
1.120179213986891735e-17
1.120618131139966663e-17
1.121057631433895224e-17
1.121497714258798420e-17
1.121938378999339632e-17
1.122379625034738945e-17
1.122821451738794105e-17
1.123263858479892071e-17
1.123706844621026584e-17
1.124150409519814189e-17
1.124594552528508870e-17
1.125039272994019310e-17
1.125484570257921520e-17
1.125930443656478412e-17
1.126376892520651044e-17
1.126823916176113411e-17
1.127271513943272318e-17
1.127719685137276786e-17
1.128168429068035300e-17
1.128617745040229988e-17
1.129067632353329409e-17
1.129518090301607042e-17
1.129969118174150839e-17
1.130420715254881093e-17
1.130872880817464451e-17
1.131325614103388810e-17
1.131778914375378144e-17
1.132232780896627892e-17
1.132687212925234250e-17
1.133142209714207569e-17
1.133597770511483917e-17
1.134053894559939401e-17
1.134510581097403887e-17
1.134967829356672551e-17
1.135425638565520207e-17
1.135884007946714870e-17
1.136342936718026996e-17
1.136802424092247049e-17
1.137262469277192743e-17
1.137723071475725371e-17
1.138184229885760593e-17
1.138645943700280299e-17
1.139108212107344933e-17
1.139571034290105361e-17
1.140034409426815038e-17
1.140498336690840641e-17
1.140962815250676556e-17
1.141427844269951649e-17
1.141893422907443912e-17
1.142359550317092319e-17
1.142826225648002840e-17
1.143293448044466928e-17
1.143761216645965218e-17
1.144229530587185860e-17
1.144698388998028216e-17
1.145167791003621817e-17
1.145637735724326509e-17
1.146108222275753413e-17
1.146579249768768467e-17
1.147050817309505983e-17
1.147522923999377586e-17
1.147995568935081456e-17
1.148468751208614964e-17
1.148942469907281296e-17
1.149416724113699930e-17
1.149891512905816805e-17
1.150366835356912645e-17
1.150842690535615584e-17
1.151319077505904411e-17
1.151795995327125050e-17
1.152273443053992566e-17
1.152751419736605340e-17
1.153229924420451227e-17
1.153708956146416961e-17
1.154188513950796935e-17
1.154668596865301674e-17
1.155149203917065231e-17
1.155630334128654277e-17
1.156111986518078579e-17
1.156594160098796240e-17
1.157076853879723556e-17
1.157560066865242260e-17
1.158043798055208765e-17
1.158528046444961563e-17
1.159012811025327228e-17
1.159498090782629668e-17
1.159983884698698899e-17
1.160470191750873671e-17
1.160957010912015947e-17
1.161444341150510443e-17
1.161932181430277569e-17
1.162420530710780671e-17
1.162909387947028496e-17
1.163398752089585823e-17
1.163888622084579165e-17
1.164378996873703700e-17
1.164869875394229589e-17
1.165361256579007988e-17
1.165853139356480286e-17
1.166345522650681347e-17
1.166838405381246594e-17
1.167331786463418635e-17
1.167825664808054349e-17
1.168320039321628279e-17
1.168814908906239562e-17
1.169310272459619634e-17
1.169806128875134851e-17
1.170302477041796346e-17
1.170799315844260956e-17
1.171296644162841545e-17
1.171794460873508236e-17
1.172292764847897347e-17
1.172791554953313857e-17
1.173290830052737722e-17
1.173790589004830194e-17
1.174290830663936592e-17
1.174791553880094315e-17
1.175292757499034228e-17
1.175794440362187906e-17
1.176296601306691945e-17
1.176799239165392275e-17
1.177302352766849560e-17
1.177805940935341652e-17
1.178310002490872539e-17
1.178814536249168945e-17
1.179319541021693280e-17
1.179825015615644406e-17
1.180330958833961029e-17
1.180837369475326934e-17
1.181344246334172841e-17
1.181851588200684407e-17
1.182359393860804545e-17
1.182868541825564555e-17
1.183408308031814259e-17
1.183948878619184726e-17
1.184490253410962946e-17
1.185032432223513503e-17
1.185575414866273948e-17
1.186119201141751260e-17
1.186663790845516757e-17
1.187209183766200243e-17
1.187755379685486004e-17
1.188302378378110186e-17
1.188850179611854018e-17
1.189398783147541036e-17
1.189948188739032462e-17
1.190498396133220118e-17
1.191049405070029351e-17
1.191601215282409484e-17
1.192153826496330576e-17
1.192707238430782036e-17
1.193261450797766465e-17
1.193816463302298879e-17
1.194372275642399472e-17
1.194928887509091149e-17
1.195486298586396752e-17
1.196044508551335058e-17
1.196603517073917999e-17
1.197163323817143580e-17
1.197723928436996803e-17
1.198285330582443038e-17
1.198847529895426025e-17
1.199410526866347154e-17
1.199974326465841791e-17
1.200538929229894392e-17
1.201104334074146463e-17
1.201670535116712119e-17
1.202237530761964410e-17
1.202805320591302926e-17
1.203373904179057705e-17
1.203943281092485693e-17
1.204513450891771513e-17
1.205084413130024693e-17
1.205656167353275041e-17
1.206228713100471722e-17
1.206802049903481871e-17
1.207376177287087514e-17
1.207951094768984640e-17
1.208526801859780891e-17
1.209103298062991866e-17
1.209680582875043121e-17
1.210258655785265241e-17
1.210837516275891528e-17
1.211417163822058309e-17
1.211997597891802626e-17
1.212578817946059152e-17
1.213160823438660655e-17
1.213743613816337075e-17
1.214327188518709665e-17
1.214911546978293616e-17
1.215496688620496973e-17
1.216082612863613242e-17
1.216669319118826321e-17
1.217256806790208340e-17
1.217845075274711962e-17
1.218434123962176079e-17
1.219023952235323813e-17
1.219614559469757119e-17
1.220205945033959256e-17
1.220798108289292161e-17
1.221391048589996301e-17
1.221984765283190514e-17
1.222579257708866467e-17
1.223174525199893120e-17
1.223770567082013801e-17
1.224367382673843433e-17
1.224964971286869763e-17
1.225563332225451211e-17
1.226162464786815168e-17
1.226762368286520337e-17
1.227363042136242422e-17
1.227964485760027603e-17
1.228566698565920821e-17
1.229169679946043427e-17
1.229773429276663440e-17
1.230377945918271509e-17
1.230983229215655019e-17
1.231589278497970508e-17
1.232196093078820858e-17
1.232803672256326939e-17
1.233412015313204647e-17
1.234021121516837782e-17
1.234630990119352925e-17
1.235241620357694936e-17
1.235853011453701992e-17
1.236465162614179690e-17
1.237078073030975624e-17
1.237691741881057037e-17
1.238306168326582773e-17
1.238921351514981394e-17
1.239537290579024519e-17
1.240153984636903244e-17
1.240771432792303640e-17
1.241389634134481786e-17
1.242008587738338957e-17
1.242628292664499279e-17
1.243248747959382299e-17
1.243869952655282789e-17
1.244491905770442863e-17
1.245114606309127926e-17
1.245738053261706030e-17
1.246362245604718434e-17
1.246987182300958341e-17
1.247612862299545003e-17
1.248239284536000146e-17
1.248866447932322694e-17
1.249494351397067502e-17
1.250122993825414534e-17
1.250752374099252681e-17
1.251382491087250326e-17
1.252013343644931611e-17
1.252644930614754246e-17
1.253277250826183309e-17
1.253910303095768591e-17
1.254544086227218244e-17
1.255178599011477515e-17
1.255813840226801004e-17
1.256449808638829242e-17
1.257086503000666031e-17
1.257723922052947632e-17
1.258362064523926725e-17
1.259000929129540983e-17
1.259640514573489791e-17
1.260280819547310983e-17
1.260921842730451557e-17
1.261563582790348105e-17
1.262206038382497840e-17
1.262849208150532396e-17
1.263493090726295331e-17
1.264137684729916388e-17
1.264782988769883448e-17
1.265429001443117875e-17
1.266075721335051549e-17
1.266723147019696666e-17
1.267371277059722309e-17
1.268020110006527637e-17
1.268669644400315993e-17
1.269319878770168241e-17
1.269970811634118883e-17
1.270622441499223697e-17
1.271274766861640316e-17
1.271927786206694478e-17
1.272581498008958766e-17
1.273235900732322239e-17
1.273890992830064552e-17
1.274546772744928363e-17
1.275203238909191597e-17
1.275860389744739093e-17
1.276518223663137326e-17
1.277176739065704512e-17
1.277835934343581331e-17
1.278495807877805341e-17
1.279156358039380621e-17
1.279817583189349571e-17
1.280479481678865172e-17
1.281142051849262936e-17
1.281805292032129014e-17
1.282469200549371216e-17
1.283133775713294204e-17
1.283799015826663587e-17
1.284464919182778488e-17
1.285131484065544732e-17
1.285798708749538782e-17
1.286466591500081701e-17
1.287135130573305709e-17
1.287804324216226750e-17
1.288474170666811827e-17
1.289144668154047562e-17
1.289815814898011378e-17
1.290487609109934980e-17
1.291160048992278310e-17
1.291833132738792869e-17
1.292506858534593213e-17
1.293181224556221194e-17
1.293856228971716690e-17
1.294531869940680612e-17
1.295219572973477625e-17
1.295934614422923036e-17
1.296650740130880891e-17
1.297367955945277074e-17
1.298086261638799775e-17
1.298805651031921421e-17
1.299526120610386088e-17
1.300247670105317931e-17
1.300970299235461229e-17
1.301694007707156038e-17
1.302418795214311540e-17
1.303144661438387395e-17
1.303871606048366937e-17
1.304599628700737448e-17
1.305328729039470133e-17
1.306058906695996851e-17
1.306790161289193476e-17
1.307522492425360639e-17
1.308255899698202926e-17
1.308990382688815628e-17
1.309725940965667025e-17
1.310462574084580818e-17
1.311200281588723651e-17
1.311939063008587546e-17
1.312678917861980042e-17
1.313419845654009403e-17
1.314161845877071680e-17
1.314904918010840689e-17
1.315649061522257388e-17
1.316394275865518622e-17
1.317140560482069733e-17
1.317887914800594233e-17
1.318636338237007799e-17
1.319385830194449488e-17
1.320136390063274496e-17
1.320888017221051230e-17
1.321640711032552529e-17
1.322394470849752886e-17
1.323149296011823059e-17
1.323905185845127603e-17
1.324662139663221638e-17
1.325420156766848534e-17
1.326179236443939605e-17
1.326939377969610720e-17
1.327700580606166306e-17
1.328462843603095963e-17
1.329226166197076616e-17
1.329990547611976986e-17
1.330755987058855742e-17
1.331522483735968431e-17
1.332290036828769176e-17
1.333058645509912370e-17
1.333828308939262072e-17
1.334599026263894630e-17
1.335370796618105768e-17
1.336143619123415050e-17
1.336917492888573743e-17
1.337692417009573442e-17
1.338468390569651464e-17
1.339245412639302711e-17
1.340023482276286141e-17
1.340802598525634323e-17
1.341582760419666374e-17
1.342363966977993665e-17
1.343146217207535998e-17
1.343929510102531000e-17
1.344713844644545684e-17
1.345499219802491239e-17
1.346285634532634584e-17
1.347073087778611924e-17
1.347861578471444475e-17
1.348651105529551702e-17
1.349441667858766890e-17
1.350233264352353473e-17
1.351025893891021673e-17
1.351819555342941748e-17
1.352614247563765879e-17
1.353409969396642182e-17
1.354206719672233816e-17
1.355004497208738245e-17
1.355803300811905107e-17
1.356603129275056400e-17
1.357403981379102968e-17
1.358205855892568842e-17
1.359008751571610810e-17
1.359812667160037369e-17
1.360617601389332604e-17
1.361423552978675294e-17
1.362230520634963410e-17
1.363038503052834763e-17
1.363847498914692423e-17
1.364657506890724132e-17
1.365468525638930814e-17
1.366280553805145671e-17
1.367093590023063157e-17
1.367907632914260544e-17
1.368722681088223499e-17
1.369538733142373049e-17
1.370355787662088843e-17
1.371173843220738583e-17
1.371992898379702675e-17
1.372812951688400730e-17
1.373634001684320066e-17
1.374456046893041594e-17
1.375279085828268324e-17
1.376103116991854327e-17
1.376928138873833086e-17
1.377754149952444921e-17
1.378581148694166884e-17
1.379409133553741562e-17
1.380238102974206666e-17
1.381068055386925384e-17
1.381898989211616267e-17
1.382730902856383738e-17
1.383563794717748293e-17
1.384397663180677001e-17
1.385232506618618027e-17
1.386068323393528199e-17
1.386905111855905529e-17
1.387742870344823102e-17
1.388581597187958508e-17
1.389421290701624962e-17
1.390261949190812445e-17
1.391103570949207730e-17
1.391946154259236605e-17
1.392789697392094986e-17
1.393634198607779125e-17
1.394479656155124741e-17
1.395326068271836908e-17
1.396173433184525189e-17
1.397021749108737837e-17
1.397871014248996308e-17
1.398721226798829776e-17
1.399572384940812415e-17
1.400424486846592987e-17
1.401277530676934585e-17
1.402131514581746999e-17
1.402986436700124916e-17
1.403842295160379360e-17
1.404699088080078976e-17
1.405556813566080236e-17
1.406415469714566568e-17
1.407275054611084107e-17
1.408135566330576817e-17
1.408997002937425323e-17
1.409859362486563949e-17
1.410722643026075023e-17
1.411586842594023263e-17
1.412451959214779870e-17
1.413317990900355892e-17
1.414184935652386697e-17
1.415052791462200691e-17
1.415921556310850752e-17
1.416791228169156138e-17
1.417661804997737304e-17
1.418533284747055656e-17
1.419405665357449606e-17
1.420278944759169388e-17
1.421153120872419896e-17
1.422028191607395194e-17
1.422904154864316725e-17
1.423781008533471524e-17
1.424658750495251044e-17
1.425537378620186902e-17
1.426449429489160120e-17
1.427376483017374894e-17
1.428304987497007366e-17
1.429234942639051564e-17
1.430166348138416458e-17
1.431099203673914556e-17
1.432033508908251739e-17
1.432969263488016164e-17
1.433906467043667788e-17
1.434845119189530359e-17
1.435785219523780625e-17
1.436726767628437247e-17
1.437669763069358329e-17
1.438614205396227246e-17
1.439560094142549561e-17
1.440507428825643164e-17
1.441456208946632110e-17
1.442406433990441073e-17
1.443358103425788874e-17
1.444311216705182933e-17
1.445265773264914341e-17
1.446221772525054160e-17
1.447179213889448186e-17
1.448138096745713251e-17
1.449098420465234141e-17
1.450060184403160516e-17
1.451023387898404749e-17
1.451988030273639775e-17
1.452954110835295388e-17
1.453921628873562249e-17
1.454890583662463684e-17
1.455860974461581011e-17
1.456832800518731352e-17
1.457806061070251743e-17
1.458780755340808703e-17
1.459756882543211802e-17
1.460734441878234625e-17
1.461713432534428345e-17
1.462693853687948848e-17
1.463675704502377702e-17
1.464658984128549591e-17
1.465643691704380370e-17
1.466629826354699431e-17
1.467617387191082685e-17
1.468606373311685550e-17
1.469596783801087638e-17
1.470588617730127590e-17
1.471581874155749620e-17
1.472576552120845124e-17
1.473572650654104768e-17
1.474570168769864724e-17
1.475569105467961839e-17
1.476569459733586338e-17
1.477571230537139771e-17
1.478574416834094803e-17
1.479579017564855315e-17
1.480585031654622976e-17
1.481592458013261040e-17
1.482601295535163692e-17
1.483611543099127857e-17
1.484623199568227171e-17
1.485636263789684399e-17
1.486650734594752501e-17
1.487666610798591361e-17
1.488683891200155630e-17
1.489702574582073309e-17
1.490722659710536977e-17
1.491744145335191006e-17
1.492767030189023709e-17
1.493791312988261030e-17
1.494816992432261463e-17
1.495844067203416832e-17
1.496872535967049982e-17
1.497902397371320177e-17
1.498933650047122955e-17
1.499966292608004152e-17
1.501000323650063761e-17
1.502035741751870880e-17
1.503072545474371580e-17
1.504110733360813405e-17
1.505150303936657859e-17
1.506191255709500595e-17
1.507233587168992839e-17
1.508277296786770513e-17
1.509322383016377506e-17
1.510368844293192955e-17
1.511416679034363447e-17
1.512465885638737387e-17
1.513516462486797202e-17
1.514568407940598640e-17
1.515621720343709137e-17
1.516676398021146802e-17
1.517732439279328655e-17
1.518789842406011762e-17
1.519848605670240855e-17
1.520908727322301184e-17
1.521970205593664284e-17
1.523033038696945446e-17
1.524097224825858117e-17
1.525162762155170446e-17
1.526229648840666154e-17
1.527297883019104162e-17
1.528367462808180998e-17
1.529438386306499676e-17
1.530510651593533025e-17
1.531584256729594413e-17
1.532659199755809708e-17
1.533735478694086772e-17
1.534813091547093580e-17
1.535892036298242504e-17
1.536972310913332749e-17
1.538053913342604471e-17
1.539136841516490021e-17
1.540221093342039113e-17
1.541306666705886601e-17
1.542393559475300499e-17
1.543481769498167184e-17
1.544571294602987085e-17
1.545662132598861740e-17
1.546754281275492256e-17
1.547847738403178077e-17
1.548942501732807426e-17
1.550038568995865942e-17
1.551135937904434208e-17
1.552234606151189294e-17
1.553334571409411537e-17
1.554435831332992858e-17
1.555538383556444163e-17
1.556642225694904274e-17
1.557747355344151025e-17
1.558853770080616669e-17
1.559961467461402668e-17
1.561070445024294178e-17
1.562180700287781312e-17
1.563292230751073926e-17
1.564405033894128433e-17
1.565519107177663825e-17
1.566634448043192490e-17
1.567751053913043625e-17
1.568868922190386048e-17
1.569988050259260545e-17
1.571108435484605761e-17
1.572230075212283157e-17
1.573352966769112446e-17
1.574477107462901795e-17
1.575602494582482028e-17
1.576729125397743601e-17
1.577897155212906859e-17
1.579081884817596186e-17
1.580268570648719235e-17
1.581457212531932509e-17
1.582647810269641448e-17
1.583840363640940965e-17
1.585034872401556891e-17
1.586231336283787427e-17
1.587429754996444910e-17
1.588630128224796949e-17
1.589832455630511579e-17
1.591036736851598094e-17
1.592242971502352816e-17
1.593451159173301469e-17
1.594661299431146176e-17
1.595873391818710304e-17
1.597087435854882070e-17
1.598303431034565545e-17
1.599521376828626422e-17
1.600741272683838090e-17
1.601963118022831403e-17
1.603186912244047227e-17
1.604412654721679125e-17
1.605640344805630831e-17
1.606869981821466329e-17
1.608101565070357473e-17
1.609335093829045151e-17
1.610570567349785062e-17
1.611807984860306721e-17
1.613047345563767555e-17
1.614288648638707905e-17
1.615531893239011896e-17
1.616777078493859672e-17
1.618024203507691037e-17
1.619273267360161694e-17
1.620524269106104420e-17
1.621777207775492089e-17
1.623032082373398228e-17
1.624288891879959423e-17
1.625547635250339266e-17
1.626808311414696923e-17
1.628070919278148001e-17
1.629335457720735269e-17
1.630601925597392305e-17
1.631870321737916370e-17
1.633140644946934516e-17
1.634412894003876469e-17
1.635687067662945354e-17
1.636963164653092736e-17
1.638241183677986878e-17
1.639521123415989943e-17
1.640802982520139805e-17
1.642086759618115855e-17
1.643372453312224508e-17
1.644660062179373943e-17
1.645949584771057458e-17
1.647241019613331590e-17
1.648534365206798558e-17
1.649829620026591156e-17
1.651126782522355808e-17
1.652425851118238394e-17
1.653726824212868224e-17
1.655029700179346947e-17
1.656334477365242078e-17
1.657641154092565736e-17
1.658949728657774338e-17
1.660260199331761816e-17
1.661572564359844829e-17
1.662886821961761837e-17
1.664202970331667865e-17
1.665521007638133881e-17
1.666840932024138481e-17
1.668162741607070972e-17
1.669486434478728283e-17
1.670812008705320518e-17
1.672139462327468800e-17
1.673468793360208962e-17
1.674799999792998332e-17
1.676133079589722202e-17
1.677468030688695987e-17
1.678804851003291689e-17
1.680143538425569430e-17
1.681484090823298272e-17
1.682826506034522938e-17
1.684170781869689727e-17
1.685516916113722515e-17
1.686864906526049871e-17
1.688214750840630944e-17
1.689566446765964086e-17
1.690919991985114590e-17
1.692275384155721778e-17
1.693632620910028577e-17
1.694991699854902789e-17
1.696352618571857116e-17
1.697715374617078435e-17
1.699079965521444747e-17
1.700446388790562770e-17
1.701814641904786121e-17
1.703184722319248595e-17
1.704556627463895598e-17
1.705930354743507871e-17
1.707305901537744943e-17
1.708683265201168855e-17
1.710062443063289460e-17
1.711443432428586919e-17
1.712826230576557919e-17
1.714210834761755736e-17
1.715597242213820432e-17
1.716985450137526005e-17
1.718375455712822291e-17
1.719767256094871330e-17
1.721160848414098211e-17
1.722556229776232362e-17
1.723953397262354080e-17
1.725352347928941372e-17
1.726753078807912786e-17
1.728155586906688116e-17
1.729559869208226306e-17
1.730965922671084304e-17
1.732373744229466061e-17
1.733783330793278302e-17
1.735194679248178908e-17
1.736607786455644092e-17
1.738022649253009075e-17
1.739439264453541116e-17
1.740857628846486042e-17
1.742277739197133888e-17
1.743699592246880828e-17
1.745123184713285572e-17
1.746548513290135000e-17
1.747975574647510412e-17
1.749404365431850085e-17
1.750843767581699001e-17
1.752341755249518057e-17
1.753842376621424183e-17
1.755345631648109565e-17
1.756851520246563543e-17
1.758360042300019909e-17
1.759871197657918091e-17
1.761384986135860001e-17
1.762901407515571526e-17
1.764420461544855991e-17
1.765942147937564888e-17
1.767466466373550420e-17
1.768993416498634071e-17
1.770522997924564386e-17
1.772055210228976302e-17
1.773590052955121203e-17
1.775127525611506390e-17
1.776667627671927741e-17
1.778210358575582808e-17
1.779755717727178046e-17
1.781303704497039134e-17
1.782854318221204034e-17
1.784407558201523449e-17
1.785963423705756659e-17
1.787521913967650710e-17
1.789083028187038101e-17
1.790646765529903652e-17
1.792213125128466779e-17
1.793782106081264079e-17
1.795353707453200788e-17
1.796927928275633985e-17
1.798504767546425898e-17
1.800084224230012625e-17
1.801666297257450662e-17
1.803250985526476682e-17
1.804838287901557153e-17
1.806428203213936403e-17
1.808020730261676683e-17
1.809615867809701923e-17
1.811213614589833784e-17
1.812813969300834495e-17
1.814416930608429033e-17
1.816022497145343340e-17
1.817630667511328356e-17
1.819241440273190523e-17
1.820854813964806890e-17
1.822470787087152533e-17
1.824089358108313193e-17
1.825710525463506226e-17
1.827334287555087386e-17
1.828960642752566540e-17
1.830589589392528780e-17
1.832221125777843714e-17
1.833855250177014657e-17
1.835491960824193112e-17
1.837131255919310045e-17
1.838773133631104365e-17
1.840417592098396818e-17
1.842064629423155093e-17
1.843714243668852626e-17
1.845366432864622442e-17
1.847021195005660217e-17
1.848678528053278199e-17
1.850338429934949895e-17
1.852000898544351978e-17
1.853665931741413897e-17
1.855333527352357628e-17
1.857003683169729723e-17
1.858676396952447535e-17
1.860351666425825403e-17
1.862029489281608248e-17
1.863709863178005774e-17
1.865392785739719584e-17
1.867078254557968142e-17
1.868766267190510811e-17
1.870456821161675886e-17
1.872149913962377554e-17
1.873845543050132214e-17
1.875543705849091151e-17
1.877244399750042071e-17
1.878947622110434060e-17
1.880653370254392689e-17
1.882361641472727403e-17
1.884072433022946934e-17
1.885785742129264229e-17
1.887501565982616168e-17
1.889219901740661724e-17
1.890940746527790581e-17
1.892664097435134235e-17
1.894389951520566915e-17
1.896118305808708047e-17
1.897849157290930271e-17
1.899582502925356352e-17
1.901318339636865351e-17
1.903056664317092002e-17
1.904797473824427333e-17
1.906540764984018355e-17
1.908286534587768063e-17
1.910034779394334204e-17
1.911785496129124345e-17
1.913538681484305427e-17
1.915294332118788358e-17
1.917052444653960767e-17
1.918813015616679170e-17
1.920576041458218272e-17
1.922341518601524968e-17
1.924109443442287619e-17
1.925879812348822654e-17
1.927652621661962094e-17
1.929427867694935841e-17
1.931205546733272452e-17
1.932985655034680813e-17
1.934768188828945981e-17
1.936553144317820103e-17
1.938340517674920107e-17
1.940130305045624783e-17
1.941922502546965082e-17
1.943717106267531052e-17
1.945514112267362141e-17
1.947313516577862454e-17
1.949132317440770754e-17
1.951014462834054463e-17
1.952900146846378760e-17
1.954789369769111271e-17
1.956682131846555129e-17
1.958578433275973941e-17
1.960478274207617051e-17
1.962381654744737107e-17
1.964288574943615945e-17
1.966199034813579380e-17
1.968113034317020010e-17
1.970030573369413236e-17
1.971951651839333600e-17
1.973876269548464333e-17
1.975804426271618926e-17
1.977736121736752225e-17
1.979671355624968133e-17
1.981610127570532554e-17
1.983552437160884177e-17
1.985498283936641872e-17
1.987447667391613932e-17
1.989400586972798080e-17
1.991357042080397483e-17
1.993317032067816755e-17
1.995280556241671194e-17
1.997247613861784016e-17
1.999218204141195594e-17
2.001192326246158219e-17
2.003169979296140419e-17
2.005151162363825108e-17
2.007135874475109274e-17
2.009124114609102443e-17
2.011115881698120208e-17
2.013111174627684842e-17
2.015109992236579533e-17
2.017112333320075320e-17
2.019118196627913643e-17
2.021127580858425936e-17
2.023140484662806730e-17
2.025156906645417486e-17
2.027176845363784440e-17
2.029200299328585041e-17
2.031227267002822730e-17
2.033257746751147251e-17
2.035291736813970768e-17
2.037329235385370340e-17
2.039370240620338671e-17
2.041414750634628177e-17
2.043462763504589524e-17
2.045514277267025253e-17
2.047569289919029235e-17
2.049627799417834754e-17
2.051689803680668138e-17
2.053755300584588209e-17
2.055824287966343617e-17
2.057896763622224304e-17
2.059972725307906205e-17
2.062052170738317814e-17
2.064135097587483955e-17
2.066221503488384649e-17
2.068311386032817988e-17
2.070404742771252841e-17
2.072501571212690802e-17
2.074601868824532452e-17
2.076705633032435614e-17
2.078812861220177609e-17
2.080923550729529531e-17
2.083037698860120044e-17
2.085155302869301032e-17
2.087276359972021564e-17
2.089400867340696931e-17
2.091528822105090009e-17
2.093660221352175983e-17
2.095795062126030795e-17
2.097933341427698641e-17
2.100075056215083810e-17
2.102220203402824961e-17
2.104368779862185421e-17
2.106520782420939170e-17
2.108676207863257441e-17
2.110835052929601179e-17
2.112997314316611336e-17
2.115162988677004414e-17
2.117332072619465840e-17
2.119504562708551977e-17
2.121680455464586588e-17
2.123859747363564383e-17
2.126042434837055491e-17
2.128228514272110247e-17
2.130417982011162429e-17
2.132610834351955307e-17
2.134807067547438097e-17
2.137006677805687701e-17
2.139209661289827657e-17
2.141416014117944940e-17
2.143625732363012926e-17
2.145838812052814665e-17
2.148055249169869845e-17
2.150275039651369467e-17
2.152498179389097576e-17
2.154724664229369321e-17
2.156954489972970252e-17
2.159187652375089142e-17
2.161424147145265293e-17
2.163663969947329681e-17
2.165907116399348874e-17
2.168153582073575725e-17
2.170403362499144134e-17
2.172656453373048668e-17
2.174946699600405477e-17
2.177298563886975773e-17
2.179655171701772563e-17
2.182016523900852604e-17
2.184382621285318318e-17
2.186753464601090693e-17
2.189129054538684949e-17
2.191509391732989283e-17
2.193894476763040851e-17
2.196284310151802663e-17
2.198678892365948808e-17
2.201078223815639193e-17
2.203482304854309696e-17
2.205891135778446294e-17
2.208304716827358261e-17
2.210723048182909775e-17
2.213146129969186192e-17
2.215573962248212934e-17
2.218006545020816146e-17
2.220443878235532824e-17
2.222885961782855516e-17
2.225332795494308184e-17
2.227784379142215710e-17
2.230240712439490964e-17
2.232701795039424958e-17
2.235167626535485618e-17
2.237638206461119343e-17
2.240113534289568270e-17
2.242593609433683843e-17
2.245078431245758258e-17
2.247567999017348815e-17
2.250062311979121381e-17
2.252561369300689230e-17
2.255065170090465741e-17
2.257573713395520500e-17
2.260086998201431385e-17
2.262605023432162538e-17
2.265127787949920154e-17
2.267655290555042779e-17
2.270187529985870347e-17
2.272724504918633553e-17
2.275266213967343230e-17
2.277812655683677872e-17
2.280363828556865001e-17
2.282919731013548042e-17
2.285480361417667995e-17
2.288045718070339255e-17
2.290615799209750381e-17
2.293190603011063338e-17
2.295770127586318276e-17
2.298354370984344166e-17
2.300943331190684540e-17
2.303537006127521064e-17
2.306135393653609756e-17
2.308738491564215658e-17
2.311346297591051205e-17
2.313958809402234008e-17
2.316576024602229231e-17
2.319197940731818162e-17
2.321824555268045516e-17
2.324455865624198789e-17
2.327091869149766046e-17
2.329732563130414963e-17
2.332377944787965402e-17
2.335028011280366918e-17
2.337682759702301804e-17
2.340342187277270567e-17
2.343006291624040172e-17
2.345675070353540746e-17
2.348348520999672922e-17
2.351026641019388572e-17
2.353709427792778324e-17
2.356396878623162159e-17
2.359088990737183700e-17
2.361785761284897113e-17
2.364487187339856470e-17
2.367193265899219285e-17
2.369903993883835574e-17
2.372619368138345531e-17
2.375339385431276909e-17
2.378064042455140543e-17
2.380793335826530808e-17
2.383527262086221143e-17
2.386265817699265436e-17
2.389008999055092004e-17
2.391756802467606212e-17
2.394509224175290000e-17
2.397266260341294333e-17
2.400027907053546430e-17
2.402794160324836669e-17
2.405565016092927360e-17
2.408340470220643647e-17
2.411120518495970889e-17
2.413905156632151102e-17
2.416694380267782500e-17
2.419488184966907620e-17
2.422286566219115013e-17
2.425089519439627372e-17
2.427897039969395830e-17
2.430725498501756127e-17
2.433649698641677953e-17
2.436580246351844308e-17
2.439517144041968263e-17
2.442460394041034373e-17
2.445409998592915885e-17
2.448365959856064424e-17
2.451328279903316173e-17
2.454296960721696197e-17
2.457272004212233861e-17
2.460253412189768388e-17
2.463241186382766745e-17
2.466235328433143067e-17
2.469235839896077462e-17
2.472242722239837599e-17
2.475255976845604600e-17
2.478275605007298012e-17
2.481301607931409716e-17
2.484333986736830436e-17
2.487372742454685501e-17
2.490417876028170906e-17
2.493469388312395539e-17
2.496527280074212628e-17
2.499591551992070901e-17
2.502662204655856198e-17
2.505739238566737708e-17
2.508822654137013583e-17
2.511912451689972889e-17
2.515008631459738756e-17
2.518111193591123553e-17
2.521220138139490216e-17
2.524335465070611733e-17
2.527457174260530632e-17
2.530585265495420617e-17
2.533719738515508252e-17
2.536860593461396283e-17
2.540007830680731397e-17
2.543161450420514572e-17
2.546321452822287176e-17
2.549487837922098611e-17
2.552660605650479505e-17
2.555839755832418294e-17
2.559025288187343963e-17
2.562217202329097080e-17
2.565415497765924560e-17
2.568620173900451006e-17
2.571831230029676243e-17
2.575048665344963608e-17
2.578272478932029168e-17
2.581502669770943564e-17
2.584739236736123080e-17
2.587982178596329022e-17
2.591231494014665562e-17
2.594487181548570190e-17
2.597749239649761631e-17
2.601017666664146784e-17
2.604292460831718116e-17
2.607573620286483702e-17
2.610861143056407451e-17
2.614155027063354872e-17
2.617455270123071188e-17
2.620761869945156388e-17
2.624074824133063673e-17
2.627394130184104090e-17
2.630719785489465629e-17
2.634051787334244349e-17
2.637390132897481974e-17
2.640734819252219816e-17
2.644085843365552702e-17
2.647443202098705704e-17
2.650806892207110866e-17
2.654176910340491025e-17
2.657553253042958719e-17
2.660935916753112030e-17
2.664324897804139656e-17
2.667720192423940784e-17
2.671121796735238489e-17
2.674529706755700527e-17
2.677943918398086631e-17
2.681364427470377623e-17
2.684791229675921791e-17
2.688224320613579094e-17
2.691663695777864766e-17
2.695109350559096915e-17
2.698561280243553993e-17
2.702019480013621773e-17
2.705483944947960685e-17
2.708954670021668510e-17
2.712431650106433536e-17
2.715914879970712045e-17
2.719404354279898112e-17
2.722900067596503246e-17
2.726497082076918883e-17
2.730133325553797692e-17
2.733778068789674575e-17
2.737431316260097026e-17
2.741093072313740905e-17
2.744763341172202125e-17
2.748442126929767700e-17
2.752129433553227465e-17
2.755825264881691652e-17
2.759529624768710348e-17
2.763242517594097844e-17
2.766963947784943084e-17
2.770693919622982762e-17
2.774432437244500877e-17
2.778179504640235353e-17
2.781935125655294541e-17
2.785699303989092807e-17
2.789472043195269187e-17
2.793253346681612197e-17
2.797043217709997584e-17
2.800841659396310059e-17
2.804648674710377355e-17
2.808464266475914755e-17
2.812288437370457305e-17
2.816121189925311736e-17
2.819962526525491145e-17
2.823812449409687254e-17
2.827670960670203238e-17
2.831538062252933384e-17
2.835413755957311943e-17
2.839298043436290938e-17
2.843190926196302573e-17
2.847092405597242591e-17
2.851002482852449940e-17
2.854921159028693210e-17
2.858848435046162623e-17
2.862784311678462637e-17
2.866728789552628587e-17
2.870681869149110662e-17
2.874643550801815193e-17
2.878613834698104657e-17
2.882592720878835886e-17
2.886580209238391499e-17
2.890576299524714412e-17
2.894580991339366389e-17
2.898594284137564404e-17
2.902616177228257675e-17
2.906646669774183750e-17
2.910685760791941229e-17
2.914733449152077896e-17
2.918789733579167751e-17
2.922854612651909010e-17
2.926928084803221471e-17
2.931010148320348211e-17
2.935100801344973908e-17
2.939200041873339479e-17
2.943307867756360404e-17
2.947424276699767859e-17
2.951549266264238143e-17
2.955682833865546745e-17
2.959824976774697158e-17
2.963975692118079261e-17
2.968134976877571011e-17
2.972302827890518722e-17
2.976479241849688993e-17
2.980664215303265010e-17
2.984857744654867499e-17
2.989059826163618826e-17
2.993270455944240363e-17
2.997489629967178839e-17
3.001717344058765338e-17
3.005953593901405737e-17
3.010198375033785316e-17
3.014451682851115281e-17
3.018713484861983719e-17
3.022983711571956657e-17
3.027262352212369067e-17
3.031549398225329362e-17
3.035844840887686993e-17
3.040148671311334429e-17
3.044460880443533802e-17
3.048781459067245389e-17
3.053110397801480134e-17
3.057447687101661417e-17
3.061877667725661002e-17
3.066384689637946111e-17
3.070903090210874107e-17
3.075432877815769741e-17
3.079974060619854794e-17
3.084526646586183368e-17
3.089090643473576560e-17
3.093666058836574386e-17
3.098252900025405587e-17
3.102851174185957429e-17
3.107460888259775085e-17
3.112082048984050545e-17
3.116714662891645416e-17
3.121358736311118656e-17
3.126014275366770949e-17
3.130681285978700171e-17
3.135359773862865482e-17
3.140049744531171766e-17
3.144751203291542960e-17
3.149464155248026220e-17
3.154188605300900380e-17
3.158924558146810925e-17
3.163672018278909891e-17
3.168430989987022265e-17
3.173201477357815465e-17
3.177983484274972521e-17
3.182777014419384978e-17
3.187582071269335934e-17
3.192398658100708347e-17
3.197226777987192115e-17
3.202066433800499163e-17
3.206917628210601330e-17
3.211780363685967649e-17
3.216654642493829351e-17
3.221540466700460283e-17
3.226437838171456703e-17
3.231346758572039888e-17
3.236267229367355034e-17
3.241199251822782489e-17
3.246142827004242817e-17
3.251097955778522822e-17
3.256064638813579998e-17
3.261042876578848830e-17
3.266032669345591467e-17
3.271034017187204021e-17
3.276046919979580797e-17
3.281071377401474832e-17
3.286107388934860892e-17
3.291154953865312029e-17
3.296214071282387846e-17
3.301284740080017226e-17
3.306366958956885974e-17
3.311460726416831869e-17
3.316566020572922655e-17
3.321682768190919080e-17
3.326810957454397840e-17
3.331950582086211522e-17
3.337101635580852886e-17
3.342264111204738366e-17
3.347438001996524843e-17
3.352623300767394997e-17
3.357820000101354970e-17
3.363028092355550535e-17
3.368247569660562913e-17
3.373478423920729868e-17
3.378720646814437829e-17
3.383974229794428192e-17
3.389239164088111014e-17
3.394515440697855908e-17
3.399803050401294640e-17
3.405101983751598469e-17
3.410412231077600169e-17
3.415733782483719463e-17
3.421066627849879813e-17
3.426410756831521989e-17
3.431766158859637960e-17
3.437185318663112988e-17
3.442744760451487765e-17
3.448319362409492099e-17
3.453909137731067449e-17
3.459514099323836981e-17
3.465134259809259015e-17
3.470769631522750911e-17
3.476420226513894906e-17
3.482086056546598972e-17
3.487767133099306352e-17
3.493463467365195863e-17
3.499175070252404373e-17
3.504901952384272094e-17
3.510644124099585396e-17
3.516401595452851065e-17
3.522174376214568091e-17
3.527962475871529030e-17
3.533765903627132477e-17
3.539584668401714624e-17
3.545418778832891931e-17
3.551268243275929049e-17
3.557133069804113530e-17
3.563013266209165667e-17
3.568908840001651413e-17
3.574819798411419951e-17
3.580746148388071464e-17
3.586687896601414429e-17
3.592645049441949409e-17
3.598617613021378732e-17
3.604605593173121717e-17
3.610608995452852082e-17
3.616627825139058780e-17
3.622662087233603743e-17
3.628711786462291344e-17
3.634776927275476682e-17
3.640857513848662774e-17
3.646953550083103296e-17
3.653065039606456470e-17
3.659191944312488739e-17
3.665334205855491400e-17
3.671491821867533279e-17
3.677664790065432746e-17
3.683853107843053449e-17
3.690056772271839872e-17
3.696275780101346738e-17
3.702510127759785665e-17
3.708759811354568739e-17
3.715024826672848389e-17
3.721305169182081920e-17
3.727600834030565223e-17
3.733911816047656495e-17
3.740238109744477580e-17
3.746579709315205117e-17
3.752936608637049583e-17
3.759308801270837698e-17
3.765696280461556612e-17
3.772099039138918435e-17
3.778517069917902578e-17
3.784950365099305494e-17
3.791398916670285478e-17
3.797862716304903168e-17
3.804341755364665731e-17
3.810836024899055648e-17
3.817345515646071204e-17
3.823870218032734938e-17
3.830410122175637832e-17
3.836965217881444673e-17
3.843535494647404350e-17
3.850120941661865695e-17
3.856791477672422049e-17
3.863620626531573735e-17
3.870469865348396261e-17
3.877339215363806432e-17
3.884228697416047004e-17
3.891138331941299284e-17
3.898068138974295114e-17
3.905018138148952270e-17
3.911988348699035757e-17
3.918978789458845588e-17
3.925989478863915673e-17
3.933020434951770627e-17
3.940071675362692448e-17
3.947143217340420630e-17
3.954235077732859671e-17
3.961347272992815549e-17
3.968479819178692142e-17
3.975632731955219070e-17
3.982806026594167220e-17
3.989999717975074744e-17
3.997213820585996474e-17
4.004448348524238555e-17
4.011703315497133124e-17
4.018978734822815467e-17
4.026274619431015339e-17
4.033590981863853845e-17
4.040927834276687142e-17
4.048285160774578742e-17
4.055662894471359717e-17
4.063061036371482961e-17
4.070479591219050106e-17
4.077918563299113528e-17
4.085377956438309906e-17
4.092857774005635520e-17
4.100358018913338650e-17
4.107878693617839094e-17
4.115419800120613787e-17
4.122981339968940055e-17
4.130563314256630243e-17
4.138165723624819342e-17
4.145788568262788979e-17
4.153431847908922679e-17
4.161095561851704267e-17
4.168779708930734760e-17
4.176484287537772674e-17
4.184209295617761396e-17
4.191954730669829431e-17
4.199720589748317159e-17
4.207506869463796802e-17
4.215313565984113970e-17
4.223140675035461250e-17
4.230988191903459195e-17
4.238856111434252097e-17
4.246744428035626569e-17
4.254653135678124579e-17
4.262582227896169425e-17
4.270531697789192942e-17
4.278501538022768260e-17
4.286491740829714823e-17
4.294502298011261343e-17
4.302533200938185952e-17
4.310584440551936013e-17
4.318656007365781213e-17
4.326770120536673020e-17
4.335130861967933083e-17
4.343518129692217551e-17
4.351931957278309712e-17
4.360372377733728795e-17
4.368839423505934216e-17
4.377333126483591456e-17
4.385853517997843482e-17
4.394400628823675846e-17
4.402974489181286097e-17
4.411575128737495104e-17
4.420202576607227402e-17
4.428856861354975515e-17
4.437538010996339468e-17
4.446246052999595265e-17
4.454981014287283084e-17
4.463742921237826915e-17
4.472531799687224436e-17
4.481347674930720891e-17
4.490190570066671413e-17
4.499060433169742272e-17
4.507957241457551023e-17
4.516881010863695121e-17
4.525831756679460513e-17
4.534809493555208317e-17
4.543814235501794148e-17
4.552845995891943082e-17
4.561904787461592567e-17
4.570990622311284638e-17
4.580103511907496507e-17
4.589243467084029694e-17
4.598410498043358487e-17
4.607604614358015381e-17
4.616825824972001782e-17
4.626074138202184537e-17
4.635349561739738068e-17
4.644652102651603155e-17
4.653981767381964194e-17
4.663338561753773304e-17
4.672722490970293539e-17
4.682133559616651951e-17
4.691571771661432112e-17
4.701037130458290653e-17
4.710529638747575053e-17
4.720049298657985172e-17
4.729596111708245270e-17
4.739170078808816078e-17
4.748771200263632145e-17
4.758399475771858900e-17
4.768054904429704567e-17
4.777737484732230229e-17
4.787447214575190716e-17
4.797184091256901978e-17
4.806948111480075807e-17
4.816739271353713721e-17
4.826557566394953388e-17
4.836402991530951418e-17
4.846275541100748894e-17
4.856175208857159709e-17
4.866299979520536790e-17
4.876550386434446141e-17
4.886835783287137087e-17
4.897156221002838808e-17
4.907511749734390385e-17
4.917902418865696125e-17
4.928328277014267175e-17
4.938789372033819834e-17
4.949285751016912685e-17
4.959817460297694056e-17
4.970384545454683982e-17
4.980987051313620271e-17
4.991625021950392080e-17
5.002298494392400351e-17
5.013007415623747515e-17
5.023751788356093631e-17
5.034531644607498938e-17
5.045347015502273853e-17
5.056197931273616723e-17
5.067084421266280545e-17
5.078006513939287140e-17
5.088964236868687550e-17
5.099957616750362497e-17
5.110986679402838241e-17
5.122051449770159149e-17
5.133151951924761486e-17
5.144288209070398982e-17
5.155460243545086271e-17
5.166668076824132301e-17
5.177911729523145410e-17
5.189191221400977372e-17
5.200506571362591034e-17
5.211857797461851526e-17
5.223244916904262007e-17
5.234667946049673525e-17
5.246126900414949270e-17
5.257621794676602330e-17
5.269152642673440223e-17
5.280719457409163822e-17
5.292322251055005114e-17
5.303961034952327354e-17
5.315635819615248027e-17
5.327346614733275992e-17
5.339093429173961556e-17
5.350876270985547170e-17
5.362695147399652023e-17
5.374550064833959718e-17
5.386441028894931207e-17
5.398368044380520206e-17
5.410331115282923725e-17
5.422330244791307958e-17
5.434365435294576068e-17
5.446436688384121812e-17
5.458544004856608423e-17
5.470965317546280978e-17
5.483494566811228882e-17
5.496069834984530849e-17
5.508691198811433395e-17
5.521358733980901984e-17
5.534072515130394866e-17
5.546832615850746619e-17
5.559639108691100997e-17
5.572492065163918962e-17
5.585391553976197229e-17
5.598337548498111701e-17
5.611330054153113149e-17
5.624369126784649029e-17
5.637454820997327308e-17
5.650587190161509108e-17
5.663766286417939571e-17
5.676992160682494580e-17
5.690264862651050746e-17
5.703584440804402224e-17
5.716950942413161517e-17
5.730364413542692322e-17
5.743824899058133581e-17
5.757332442629522155e-17
5.770887086736968486e-17
5.784488872675760777e-17
5.798137840561527095e-17
5.811834029335477604e-17
5.825577476769762653e-17
5.839368219472737193e-17
5.853206292894164789e-17
5.867091731330430269e-17
5.881024567929841113e-17
5.895004834698103878e-17
5.909032562503724191e-17
5.923107781083274864e-17
5.937230519046464327e-17
5.951400803881155753e-17
5.965618661958333184e-17
5.979884118536908653e-17
5.994197197768367836e-17
6.008557922701074272e-17
6.022966315284511957e-17
6.037422396373648730e-17
6.051926185733401969e-17
6.066477702042982250e-17
6.081076962900113757e-17
6.095723984825130196e-17
6.110418783265074405e-17
6.125161372597869455e-17
6.140021158143058670e-17
6.155261865222694610e-17
6.170562851119721650e-17
6.185924231462593007e-17
6.201346120430946123e-17
6.216828630764398465e-17
6.232371873771501092e-17
6.247975959338813026e-17
6.263640955553341777e-17
6.279366835458557737e-17
6.295153680817732992e-17
6.311001580714114322e-17
6.326910622527128513e-17
6.342880891940755375e-17
6.358912472951922951e-17
6.375005447879035840e-17
6.391159897370561456e-17
6.407375900413745708e-17
6.423653534343389080e-17
6.439992874850705287e-17
6.456393995992220619e-17
6.472856970198763250e-17
6.489381868284475981e-17
6.505968759455916485e-17
6.522617711321178516e-17
6.539328789899077202e-17
6.556102059628326952e-17
6.572937583376792086e-17
6.589835422450744851e-17
6.606795636604098794e-17
6.623818284047686508e-17
6.640903421458510255e-17
6.658051103988999991e-17
6.675261385276209757e-17
6.692534317451017771e-17
6.709869951147285841e-17
6.727268335510938660e-17
6.744729518209008593e-17
6.762253545438713738e-17
6.779840461936501475e-17
6.797490310986686497e-17
6.815203134429716590e-17
6.832978972670068638e-17
6.850817864683810597e-17
6.868719848025941596e-17
6.886684958837457174e-17
6.904902705698515526e-17
6.923468459430726367e-17
6.942113083115577696e-17
6.960836747358554396e-17
6.979639620795407437e-17
6.998521870108479600e-17
7.017483660043135973e-17
7.036525080277831214e-17
7.055646142285697931e-17
7.074846982172880757e-17
7.094127736912905238e-17
7.113488541154896077e-17
7.132929527238731892e-17
7.152450825210250505e-17
7.172052562836597224e-17
7.191734865621634744e-17
7.211497856821519449e-17
7.231341657460270329e-17
7.251266386345451282e-17
7.271272160083884240e-17
7.291359093097396803e-17
7.311527297638680811e-17
7.331776883807190355e-17
7.352107959565036090e-17
7.372520630752964602e-17
7.393015001106335303e-17
7.413591172271076380e-17
7.434249243819693737e-17
7.454989313267222008e-17
7.475811476087162017e-17
7.496715825727392348e-17
7.517702453626010654e-17
7.538771449227154020e-17
7.559922899996666478e-17
7.581156891437741875e-17
7.602473507106426218e-17
7.623872828627014025e-17
7.645354935707257312e-17
7.666919906153472284e-17
7.688567815885426616e-17
7.710298738951024593e-17
7.732112747540909664e-17
7.754114330041589587e-17
7.776644129567529720e-17
7.799276739808561099e-17
7.822012411691223000e-17
7.844851393467325657e-17
7.867793930743119624e-17
7.890840266508818902e-17
7.913990603532689458e-17
7.937244970354652649e-17
7.960603547839074282e-17
7.984066541841720835e-17
8.007634155078265907e-17
8.031306587151650131e-17
8.055084034579457111e-17
8.078966690821383041e-17
8.102954746306738367e-17
8.127048388461976567e-17
8.151247801738225397e-17
8.175553167638861277e-17
8.199964664747045467e-17
8.224482468753256547e-17
8.249106752482825357e-17
8.273837685923383661e-17
8.298675436252321438e-17
8.323620167864145561e-17
8.348672042397803968e-17
8.373831218763884110e-17
8.399097853171764551e-17
8.424472099156624832e-17
8.449954107606297553e-17
8.475544026788060061e-17
8.501242002375167298e-17
8.527048177473255218e-17
8.552962692646511246e-17
8.578985685943614249e-17
8.605117292923409489e-17
8.631357646680360482e-17
8.657706877869637238e-17
8.684165114731872938e-17
8.710883985509035504e-17
8.738201007898702520e-17
8.765651748415861484e-17
8.793236572298993413e-17
8.820955841185362731e-17
8.848809913161155544e-17
8.876799142812218185e-17
8.904923881275469993e-17
8.933184388417247267e-17
8.961580749820099562e-17
8.990113257132001185e-17
9.018782211199029811e-17
9.047587908717399920e-17
9.076530642281849564e-17
9.105610700433720198e-17
9.134828367708977360e-17
9.164183924686419931e-17
9.193677648035890629e-17
9.223309810566238755e-17
9.253080681272876175e-17
9.282990525384903136e-17
9.313039604412184769e-17
9.343228176192374599e-17
9.373556494937594150e-17
9.404024811280444496e-17
9.434633372320042455e-17
9.465382421668114717e-17
9.496272199494736990e-17
9.527302942573234968e-17
9.558474884324466555e-17
9.589788254860746617e-17
9.621243281029824754e-17
9.652840186458225801e-17
9.684579191593700415e-17
9.716460513747632506e-17
9.748484367137428186e-17
9.780863539392082876e-17
9.813917540701250436e-17
9.847144951908840112e-17
9.880546301062401940e-17
9.914122111396788551e-17
9.947872901419368177e-17
9.981799184995775065e-17
9.999510376761615578e-17
1.003370438448319861e-16
1.006807516069074001e-16
1.010262305758061410e-16
1.013734824410828732e-16
1.017225115152952987e-16
1.020733221417117209e-16
1.024259186101207646e-16
1.027803051576634883e-16
1.031364859696619722e-16
1.034944651804441950e-16
1.038542468741635988e-16
1.042158350856150182e-16
1.045792338010448278e-16
1.049444469589475191e-16
1.053114784508619325e-16
1.056803321221679330e-16
1.060510117728680106e-16
1.064235211583534372e-16
1.067978639901641370e-16
1.071740439367443779e-16
1.075520646241912158e-16
1.079319296369923998e-16
1.083136425187532711e-16
1.086972067729137136e-16
1.090826258634537659e-16
1.094699032155928353e-16
1.098643802334134644e-16
1.102641184761902885e-16
1.106661008545538949e-16
1.110703349373260731e-16
1.114768282299226845e-16
1.118855881757621741e-16
1.122966221576952448e-16
1.127099374994521832e-16
1.131255414670993434e-16
1.135434412705026563e-16
1.139636440647976970e-16
1.143861556540690539e-16
1.148109783645510564e-16
1.152381181464181836e-16
1.156675812317844431e-16
1.160993737860844626e-16
1.165335019094434696e-16
1.169699716380509451e-16
1.174087889455412042e-16
1.178499597443646828e-16
1.182934898871409323e-16
1.187393851679949999e-16
1.191876513238772172e-16
1.196382940358671625e-16
1.200913189304595536e-16
1.205467315808311585e-16
1.210045375080913862e-16
1.214647421824969846e-16
1.219273510246613893e-16
1.223923694067554678e-16
1.228599174026443620e-16
1.233395539606415699e-16
1.238220754164448779e-16
1.243074926436971032e-16
1.247958164311845526e-16
1.252870574851596261e-16
1.257812264316829947e-16
1.262783338189851290e-16
1.267783901198442715e-16
1.272814057339797661e-16
1.277873909904579614e-16
1.282963561501095753e-16
1.288083114079567252e-16
1.293232668956483381e-16
1.298412307262105395e-16
1.303622064762887535e-16
1.308862027102030680e-16
1.314132283094348514e-16
1.319432920770036408e-16
1.324764027397096023e-16
1.330125689503688179e-16
1.335517992900339536e-16
1.340941022701941703e-16
1.346394863349468334e-16
1.351879598631381118e-16
1.357395311704676829e-16
1.362942085115540202e-16
1.368520000819588565e-16
1.374129140201688524e-16
1.379854206265421107e-16
1.385642266512559046e-16
1.391467476037763746e-16
1.397329988593452496e-16
1.403229956846774097e-16
1.409167532417633435e-16
1.415142865917059216e-16
1.421156106985744991e-16
1.427207404332677461e-16
1.433296905774423966e-16
1.439424758274286364e-16
1.445591107981291222e-16
1.451796100269533020e-16
1.458039879777719256e-16
1.464322590448658847e-16
1.470644375568682502e-16
1.477005341430349739e-16
1.483405544803304182e-16
1.489845110469217951e-16
1.496324164818308980e-16
1.502842833399664864e-16
1.509401240955855616e-16
1.515999511458340700e-16
1.522637768142353446e-16
1.529316133540294024e-16
1.536034729516701132e-16
1.542883248041111145e-16
1.549814999657871095e-16
1.556794262340869028e-16
1.563821253826161029e-16
1.570896190435445098e-16
1.578019287136755124e-16
1.585190757607380180e-16
1.592410814294363256e-16
1.599679668476565135e-16
1.606997530328008446e-16
1.614364608980655706e-16
1.621781112587155812e-16
1.629247248383865890e-16
1.636763222754119419e-16
1.644329241291026217e-16
1.651945508860827337e-16
1.659612229666599283e-16
1.667329607309810556e-16
1.675097844853221963e-16
1.682917083995483035e-16
1.690787412570291037e-16
1.698709010138501470e-16
1.706682057033735016e-16
1.714706732833611453e-16
1.722883715654666420e-16
1.731162247346389554e-16
1.739501301626555730e-16
1.747901185508108264e-16
1.756362204164014077e-16
1.764884661022953746e-16
1.773468857866052129e-16
1.782115094924570649e-16
1.790823670978469549e-16
1.799594883455655712e-16
1.808429028531717366e-16
1.817326401229920331e-16
1.826287295521270347e-16
1.835312004424438329e-16
1.844400820106172251e-16
1.853554034105490679e-16
1.862771937274541128e-16
1.872054819823364468e-16
1.881402971506997936e-16
1.890816681723768938e-16
1.900296239613502797e-16
1.909841934154887923e-16
1.919551547484721213e-16
1.929398187937581080e-16
1.939321531238786190e-16
1.949322009231279328e-16
1.959400051326534535e-16
1.969556084652568366e-16
1.979790534204061605e-16
1.990103822994489606e-16
2.000496372210043602e-16
2.010968601364954953e-16
2.021520928457661747e-16
2.032153770127535743e-16
2.042867541810134385e-16
2.053662657895006263e-16
2.064539531881410286e-16
2.075498576531513950e-16
2.086540204025930077e-16
2.097664826119788272e-16
2.108872854298362872e-16
2.120164699932678476e-16
2.131592552101453050e-16
2.143238706661852130e-16
2.154981476245159642e-16
2.166821450165315032e-16
2.178759215610724054e-16
2.190795358045803758e-16
2.202930467423158832e-16
2.215165138644035765e-16
2.227499964581766668e-16
2.239935535912552207e-16
2.252472441354428273e-16
2.265111267905807413e-16
2.277852601080589213e-16
2.290697025157332363e-16
2.303645123419687138e-16
2.316697478390327663e-16
2.329854672091689668e-16
2.343117286274654857e-16
2.356485902667943365e-16
2.370085135075870877e-16
2.383879111677100198e-16
2.397794649049982907e-16
2.411832560893458259e-16
2.425993658812565382e-16
2.440278752563301761e-16
2.454688650323344523e-16
2.469224158949465115e-16
2.483886084249602998e-16
2.498675231272378582e-16
2.513592406081926230e-16
2.528638426638008328e-16
2.543814115651373554e-16
2.559120294447889767e-16
2.574557783298378586e-16
2.590127401801466349e-16
2.605829969273249356e-16
2.621775013910312793e-16
2.637978547347982350e-16
2.654333689049054022e-16
2.670841556490040852e-16
2.687503265594207495e-16
2.704319931041775475e-16
2.721292666603364329e-16
2.738422585484611416e-16
2.755710800686874126e-16
2.773158425335461591e-16
2.790766573034365712e-16
2.808536358218958898e-16
2.826468896494125487e-16
2.844565305034317274e-16
2.862826702935997821e-16
2.881254212709593894e-16
2.900052403572982000e-16
2.919076975033237320e-16
2.938290075491107478e-16
2.957693224105778296e-16
2.977287940933560758e-16
2.997075747213915211e-16
3.017058165630195533e-16
3.037236720549701969e-16
3.057612938350145797e-16
3.078188347737238807e-16
3.098964480146367967e-16
3.119942870224075689e-16
3.141125056323693243e-16
3.162512580881696440e-16
3.184258689463218745e-16
3.206338853328089146e-16
3.228650609947891106e-16
3.251196020750079105e-16
3.273977148192648396e-16
3.296996056380434059e-16
3.320254810357609271e-16
3.343755472391529704e-16
3.367500109654386895e-16
3.391490797275779963e-16
3.415729618542645997e-16
3.440218665074320127e-16
3.464960036941639218e-16
3.490148683649354329e-16
3.515698454223936881e-16
3.541531076758154796e-16
3.567649323387633907e-16
3.594055971251342449e-16
3.620753803303235254e-16
3.647745609064616526e-16
3.675034185444916582e-16
3.702622337529906383e-16
3.730512879385424030e-16
3.758708635039564276e-16
3.787250957929816568e-16
3.816361453319082746e-16
3.845811454931972385e-16
3.875604656696039168e-16
3.905744760915540695e-16
3.936235479695623311e-16
3.967080536371417099e-16
3.998283667151118267e-16
4.029848622807505129e-16
4.061779169908146966e-16
4.094079091744624488e-16
4.127014832168769632e-16
4.160386784039421955e-16
4.194167087336852427e-16
4.228360626388712738e-16
4.262972308072054718e-16
4.298007062316041321e-16
4.333469842267803641e-16
4.369365624620390113e-16
4.405699410953222627e-16
4.442755171661390880e-16
4.480303967448205292e-16
4.518333217687849881e-16
4.556849280348775140e-16
4.595858554475737402e-16
4.635367480206719899e-16
4.675382538632900100e-16
4.715993362883229935e-16
4.757346283328786501e-16
4.799249250885419623e-16
4.841710314076513357e-16
4.884737601012029072e-16
4.928339317453455287e-16
4.972523744799554887e-16
5.017568922590476230e-16
5.063266876751207021e-16
5.109593833863116901e-16
5.156559813962611377e-16
5.204174979749457784e-16
5.252624700844343748e-16
5.301905414814515372e-16
5.351882375618678434e-16
5.402567431372720345e-16
5.453972682605576078e-16
5.506456251833023654e-16
5.559722155969660875e-16
5.613758327697210333e-16
5.668578434870646720e-16
5.724536725323000998e-16
5.781409500495619511e-16
5.839120489662965706e-16
5.897684688364115241e-16
5.957603655382109773e-16
6.018439299229172613e-16
6.080188662382996885e-16
6.143095940955059809e-16
6.207309436469403109e-16
6.272504225196265726e-16
6.338734789740503497e-16
6.406598517053564172e-16
6.475518978013754286e-16
6.545513047467022044e-16
6.617278718135113444e-16
6.690227419974186617e-16
6.764370770284523162e-16
6.840445708533749694e-16
6.917751826092810504e-16
6.996639753218053418e-16
7.077333091335646435e-16
7.159355550432142593e-16
7.243609206993051087e-16
7.329302935737977663e-16
7.417144368439366952e-16
7.506724542463765055e-16
7.598545727104351315e-16
7.692240804391482744e-16
7.788469497905695401e-16
7.886743833991498269e-16
7.987601041400077707e-16
8.091022434750045314e-16
8.197017603635842817e-16
8.305813605236897795e-16
8.417626366155085575e-16
8.532656034818710708e-16
8.651094755198718260e-16
8.773130045386569872e-16
8.898937050965669028e-16
9.028885515944470710e-16
9.163146720419690574e-16
9.302158939697698508e-16
9.446107999499763913e-16
9.595367598678046613e-16
9.750493721317232961e-16
9.911910716532042070e-16
9.998607928199841657e-16
1.017125815377344699e-15
1.035287091059196672e-15
1.054471489406087216e-15
1.073780891205279578e-15
1.092710532527779602e-15
1.111510860922586075e-15
1.130319464399819134e-15
1.149211966798571342e-15
1.168236385886378793e-15
1.187428149702564322e-15
1.206820565207534761e-15
1.226435002246422613e-15
1.246296125089904569e-15
1.266426926919724678e-15
1.286845556700603667e-15
1.307577599721233988e-15
1.328636881328032148e-15
1.350048329145032178e-15
1.371825156850792257e-15
1.393984528221723514e-15
1.416547582814327302e-15
1.439523301186325876e-15
1.462926822200281045e-15
1.486773850020327560e-15
1.511076818457361273e-15
1.535847194406439175e-15
1.561099597480934946e-15
1.586843379847962787e-15
1.613090438770464696e-15
1.639854832386809830e-15
1.667146527523160480e-15
1.694978686762562790e-15
1.723366555151744363e-15
1.752324627382600142e-15
1.781869627057862365e-15
1.812018649449090757e-15
1.842789254578696852e-15
1.874203582589789440e-15
1.906283419589234270e-15
1.939050019349500781e-15
1.972528794915384360e-15
2.006744279375737647e-15
2.041719773151955293e-15
2.077479115504362704e-15
2.114048298633100495e-15
2.151454013894756124e-15
2.189723904680053497e-15
2.228886822034511714e-15
2.268972678260544525e-15
2.310014043125032148e-15
2.352047102271240748e-15
2.395109772233720814e-15
2.439243733198114183e-15
2.484509566325896796e-15
2.530950628283386331e-15
2.578644435422357725e-15
2.627653022176112111e-15
2.678057764340546582e-15
2.729950312088053738e-15
2.783442448899687024e-15
2.838646016778936971e-15
2.895702428625142896e-15
2.954752343579549555e-15
3.015901228287369696e-15
3.079206881481268542e-15
3.144731180452006558e-15
3.212514511506339946e-15
3.282664778221688123e-15
3.355183716059234641e-15
3.430259569712650246e-15
3.507924339448499474e-15
3.588276302215007706e-15
3.671438055373486898e-15
3.757535242828631944e-15
3.846693069487606082e-15
3.939077071765704049e-15
4.034941992926267383e-15
4.134355474480130033e-15
4.237586012065881782e-15
4.344878975670287122e-15
4.456642950413725238e-15
4.573313620785783062e-15
4.695344514965173630e-15
4.822940999174590429e-15
4.956211110107638418e-15
5.095306886245212331e-15
5.240420554841269316e-15
5.391769200096115398e-15
5.549605686467739467e-15
5.714155621277529220e-15
5.885719284457669811e-15
6.064615578872175358e-15
6.251284417510492322e-15
6.446116579153112594e-15
6.649561419085307558e-15
6.861951506973707041e-15
7.083757933064585909e-15
7.315453955853509099e-15
7.556954216597634129e-15
7.808396350887886910e-15
8.070301347650866850e-15
8.343358878203139096e-15
8.628311434796132030e-15
8.925890137271455901e-15
9.236763682720255055e-15
9.561592617324528888e-15
9.901040085255985795e-15
9.998806311942447248e-15
1.035809679888047840e-14
1.073380670981499770e-14
1.112679780167987267e-14
1.153800982396594844e-14
1.196837029771880517e-14
1.241881454544133170e-14
1.289038468801991276e-14
1.338408844928132208e-14
1.390106011370368725e-14
1.444260583370603596e-14
1.501014932502793325e-14
1.560533507846734717e-14
1.623000201046935832e-14
1.688615697386457317e-14
1.757595131945766061e-14
1.830168359921185357e-14
1.906572024976663292e-14
1.987057057476898096e-14
2.071898071221966008e-14
2.161397104325011981e-14
2.255890962409930746e-14
2.355767495784813413e-14
2.461476256537650633e-14
2.573535322551296370e-14
2.692539738322120675e-14
2.819166077543335532e-14
2.954178253369169758e-14
3.098424223970385289e-14
3.252846710012644133e-14
3.418495828844206395e-14
3.596552642093859730e-14
3.788315744839275874e-14
3.995231811790805002e-14
4.218864081155541737e-14
4.460908371984892960e-14
4.723214648469811751e-14
5.007822214498110862e-14
5.316964719072911356e-14
5.653152554132841002e-14
6.019218271419376141e-14
6.417652931565866267e-14
6.850948991117473547e-14
7.322752261597074016e-14
7.837645347693211752e-14
8.400512550526996673e-14
9.016657631780324977e-14
9.692295967733823415e-14
9.995573523916086844e-14
1.076911431068721830e-13
1.162336313558532958e-13
1.257005667335316616e-13
1.362272405300823511e-13
1.479701834791957134e-13
1.611107770062233046e-13
1.758661744853190495e-13
1.925024543691997653e-13
2.113494932830039505e-13
2.328115528934650909e-13
2.573804264794109633e-13
2.856463449726918014e-13
3.183232670545557769e-13
3.562789274393823926e-13
4.005695020242884643e-13
4.525059762080430679e-13
5.137195635437369473e-13
5.862179054352125596e-13
6.724715988103480513e-13
7.755477963443038631e-13
8.994519038922624817e-13
9.983203890196125266e-13
1.170330325793705756e-12
1.381471415036043444e-12
1.641980581831319724e-12
1.964960263819251184e-12
2.367599561697367708e-12
2.872398158091899089e-12
3.509551963125807821e-12
4.320404705767265128e-12
5.360592189924196100e-12
6.704971876078137160e-12
8.454982859043781738e-12
9.994445342605365429e-12
1.278565899321240641e-11
1.650406132419002763e-11
2.150392964292072522e-11
2.829557014185470611e-11
3.762808636267179203e-11
5.059314282224237760e-11
6.885253598780904149e-11
9.486808140974767910e-11
